c instance by G2
c solution = 10010011110111000111000011010001111101011010110100000011000010111110010001111011110010011010001010110010001110110000000010111101100010000111
c Known solution cost is 30880 
p cnf 140 420
w 133 332 736 324 255 300 664 45 153 620 663 243 105 407 249 781 342 73 865 320 739 666 716 529 493 63 765 788 252 659 243 129 436 399 647 624 319 242 889 110 919 907 635 31 850 614 860 791 37 755 351 15 742 493 438 552 996 935 844 948 949 416 394 263 433 242 202 652 952 244 590 329 427 544 23 337 387 369 828 44 731 858 988 720 930 937 318 441 580 541 80 486 508 665 175 19 356 116 410 262 616 527 388 391 590 654 265 989 600 386 371 332 692 623 691 287 753 595 241 234 177 288 56 230 602 717 732 646 9 811 140 908 995 438 881 735 316 714 547 847
-25 -136 67 0
-101 -41 -13 0
-138 140 -120 0
59 -131 -121 0
-116 94 -107 0
56 -138 130 0
-10 129 -38 0
-82 -113 -75 0
-66 112 47 0
-106 -114 87 0
30 -126 -110 0
106 87 133 0
84 -96 -111 0
84 -47 60 0
62 86 123 0
117 7 54 0
24 -58 93 0
-135 -103 -67 0
-90 19 70 0
140 -139 131 0
-112 -57 -126 0
-59 -99 -80 0
-133 29 -52 0
-93 37 -41 0
-22 52 -102 0
85 -56 -35 0
-110 103 107 0
-19 -11 4 0
108 127 -33 0
-77 4 112 0
-23 107 19 0
-104 84 71 0
47 131 -134 0
-1 -107 -21 0
31 122 112 0
-87 49 -138 0
42 -94 -63 0
-92 61 83 0
-78 -67 11 0
-1 -106 -39 0
88 34 80 0
37 -49 2 0
-134 -8 -128 0
-99 19 12 0
-3 7 56 0
-85 11 81 0
27 130 20 0
44 -120 100 0
-90 -137 -110 0
-129 -124 63 0
-85 -68 -125 0
-139 -14 -120 0
-66 -23 -25 0
127 -30 -23 0
-91 -132 -56 0
-96 -73 34 0
-132 -82 3 0
125 -40 138 0
28 -125 -84 0
-136 90 27 0
83 -2 130 0
41 -45 101 0
-115 -23 79 0
86 -5 20 0
-99 53 -137 0
34 -45 60 0
-33 -74 89 0
-36 -66 -24 0
122 115 8 0
114 -23 52 0
-30 -98 -87 0
36 -103 31 0
-24 -99 59 0
-128 -89 26 0
-37 -106 -25 0
-90 -127 -118 0
-41 75 4 0
47 87 61 0
78 -62 21 0
84 -83 127 0
138 108 -71 0
-20 -36 82 0
-138 -90 -8 0
-13 -2 76 0
-67 -31 -140 0
-93 -71 9 0
104 -114 -79 0
-3 42 48 0
69 34 3 0
-6 -10 33 0
-39 -7 -48 0
-128 -65 -29 0
77 -115 -21 0
-122 -92 125 0
102 -49 72 0
-136 -44 -128 0
-74 77 89 0
-127 83 -86 0
106 80 3 0
-107 -55 -68 0
20 55 -57 0
-15 136 -89 0
138 -29 17 0
109 -18 -40 0
-29 -133 -58 0
-58 30 -120 0
10 22 -47 0
137 -36 43 0
-140 32 106 0
-89 96 -27 0
81 -99 119 0
134 -58 -67 0
103 -18 -111 0
86 101 107 0
87 31 -115 0
84 -108 103 0
-69 -56 -85 0
93 140 120 0
-133 9 -91 0
-19 93 -86 0
-92 -1 52 0
74 62 -63 0
132 -49 -88 0
-10 -23 87 0
103 -37 -109 0
133 -120 -18 0
-61 135 65 0
-82 -80 20 0
-40 -3 -35 0
109 -77 -32 0
-20 -101 -61 0
-34 -134 102 0
9 -43 74 0
-127 132 134 0
31 10 89 0
82 40 -112 0
-93 41 133 0
19 -118 67 0
-92 -70 -9 0
-48 -40 10 0
43 113 100 0
55 72 -45 0
127 62 100 0
-53 10 116 0
-67 34 -55 0
-37 102 -43 0
-96 -12 -106 0
3 129 -34 0
-105 68 101 0
-32 132 -78 0
58 -122 126 0
-50 78 103 0
77 116 127 0
-19 -98 57 0
119 -100 97 0
43 24 125 0
-14 -112 82 0
-25 32 -46 0
-36 130 -132 0
-54 71 60 0
-43 86 133 0
-72 44 -97 0
-22 -88 33 0
-94 -23 -12 0
-102 -72 -60 0
-35 40 137 0
-116 68 -69 0
86 -115 -79 0
-45 75 -36 0
63 78 -133 0
-36 88 -11 0
-73 -43 -28 0
-24 55 -119 0
-11 120 102 0
35 -67 94 0
61 47 -32 0
-133 -53 99 0
-21 -22 -11 0
62 65 -117 0
-119 38 36 0
-106 40 -139 0
-47 120 92 0
-119 87 20 0
-55 139 -100 0
124 -111 -15 0
32 -43 77 0
-47 28 9 0
106 -134 -74 0
-54 -30 47 0
51 46 49 0
-40 13 -80 0
132 -109 79 0
-93 -136 -76 0
40 96 -98 0
-131 76 -3 0
3 -81 124 0
70 -96 52 0
38 -102 33 0
64 -75 107 0
-95 70 115 0
-111 22 91 0
-66 -112 138 0
11 -120 71 0
-138 -47 17 0
110 48 137 0
101 36 -129 0
44 57 18 0
-40 -66 14 0
-26 -65 -57 0
37 80 -44 0
50 -14 -62 0
-56 -121 36 0
-76 -132 -28 0
-43 19 79 0
-6 30 -88 0
94 132 19 0
-95 88 24 0
-126 -115 58 0
-80 7 48 0
-59 -126 -34 0
-28 66 -127 0
91 -76 -133 0
12 -46 69 0
-16 77 -95 0
-25 -130 -14 0
-74 -102 -111 0
-18 -127 52 0
-86 42 -120 0
-47 111 94 0
12 60 -61 0
9 -19 94 0
75 122 -92 0
23 -118 5 0
-104 95 97 0
-46 114 88 0
30 65 71 0
71 125 122 0
-75 32 83 0
119 110 46 0
-13 -138 67 0
50 -111 126 0
105 65 -18 0
-106 44 53 0
-139 38 -94 0
-58 -71 118 0
-97 124 -116 0
-115 -138 -100 0
125 -83 -10 0
-139 -36 -30 0
125 111 -35 0
70 95 3 0
-56 70 89 0
-130 18 -97 0
-129 -93 -68 0
39 -123 121 0
-94 -20 -34 0
58 55 78 0
-109 -16 23 0
119 12 -131 0
16 9 -48 0
80 -44 122 0
87 23 46 0
49 10 -35 0
118 128 70 0
139 -9 113 0
-78 -34 95 0
72 66 -77 0
124 -111 40 0
-13 99 116 0
-59 96 -71 0
29 -127 108 0
-24 -45 29 0
-4 103 119 0
136 -106 68 0
108 139 -128 0
-39 37 93 0
-131 -54 74 0
-56 -86 -73 0
-127 -8 -3 0
89 121 -114 0
136 35 -128 0
136 109 93 0
-108 37 28 0
-42 -59 122 0
105 -61 70 0
-60 45 -11 0
-10 -96 -121 0
14 -72 -17 0
65 -7 33 0
-55 -99 -21 0
-17 102 -7 0
66 -74 37 0
-5 101 -36 0
35 47 89 0
-50 -79 -35 0
27 29 -39 0
20 34 -103 0
-46 104 1 0
108 80 -120 0
-47 137 115 0
134 74 -121 0
-127 97 107 0
-78 7 -45 0
-72 -100 -111 0
23 73 -57 0
109 -59 -69 0
21 -46 -131 0
-83 -43 -96 0
38 -30 136 0
16 127 -83 0
-89 -112 133 0
75 -118 -83 0
-42 -75 -121 0
112 17 -129 0
-86 -26 70 0
-18 102 -52 0
19 -139 -26 0
-111 95 20 0
34 -105 72 0
9 136 -43 0
38 -81 -46 0
-87 35 50 0
68 -37 -107 0
79 -34 56 0
23 81 13 0
-123 20 -85 0
94 40 114 0
-52 -49 14 0
67 72 -63 0
65 131 81 0
-96 3 106 0
42 79 -40 0
-119 93 117 0
63 19 -40 0
131 123 -89 0
38 130 -35 0
132 -81 128 0
-129 -21 60 0
132 85 106 0
-122 16 -125 0
-10 -50 -4 0
103 45 -115 0
-6 60 30 0
110 -21 35 0
42 -64 4 0
61 68 96 0
123 46 60 0
34 -120 -104 0
-71 -1 -46 0
-81 -41 -84 0
4 -67 56 0
-22 44 -128 0
-32 -117 21 0
9 -121 -27 0
-66 -63 95 0
-4 -94 25 0
-88 38 124 0
-50 109 -124 0
77 125 34 0
39 -33 -44 0
-49 88 47 0
-108 119 -98 0
101 -127 98 0
-88 59 -106 0
-27 137 -133 0
64 102 127 0
79 120 110 0
9 87 43 0
86 42 25 0
-49 -89 45 0
-9 118 -84 0
-119 -109 102 0
71 -54 68 0
-92 -79 54 0
14 -47 89 0
-125 138 56 0
-62 65 -76 0
-26 14 105 0
118 -64 67 0
42 71 40 0
18 -53 -30 0
-117 -12 109 0
88 -139 93 0
100 94 -33 0
-117 -105 -116 0
-44 137 99 0
42 133 67 0
-37 -61 60 0
58 56 -98 0
-89 -126 -117 0
-95 33 29 0
-97 31 -60 0
53 48 -69 0
-26 -71 -45 0
-15 83 -57 0
-136 -120 -17 0
106 -70 -53 0
20 83 96 0
-110 114 67 0
-92 -42 -53 0
-114 132 -30 0
-9 -50 119 0
-117 124 -72 0
-16 -57 27 0
91 84 -138 0
-41 -95 -51 0
-132 -111 -21 0
-125 -111 18 0
119 -98 -77 0
-22 119 58 0
-20 103 26 0
-66 111 137 0
-2 96 49 0
-19 -22 -76 0
17 76 102 0
114 136 45 0
57 -130 -110 0
14 114 91 0
107 101 130 0
-29 -18 65 0
