c instance by G2
c solution = 100100111101110001110000110100011111010110101101000000110000101111100100011110111100100110
c Known solution cost is 22431 
p cnf 90 270
w 158 896 297 240 361 457 635 303 28 218 259 424 268 700 79 392 554 66 810 819 734 589 774 260 475 162 166 309 743 372 508 318 982 427 937 477 20 794 383 763 983 792 213 682 610 979 526 360 403 939 807 76 194 411 619 537 659 521 225 820 870 288 133 40 103 990 50 265 210 800 65 778 720 40 34 515 548 637 37 326 399 930 698 768 275 62 245 979 748 678
41 -52 -72 0
45 -74 83 0
21 3 8 0
44 -56 -16 0
31 72 -86 0
61 89 -70 0
72 -48 14 0
53 40 83 0
-88 -58 -1 0
45 -75 52 0
-28 -88 64 0
-81 -63 61 0
24 -68 -14 0
-21 -12 -77 0
29 46 72 0
48 21 -24 0
77 53 -52 0
-44 64 -7 0
81 -72 44 0
63 -33 -6 0
-57 -75 48 0
-80 89 20 0
79 -34 -50 0
77 -88 37 0
-3 11 -13 0
47 34 -22 0
29 -62 55 0
-88 -77 8 0
15 52 45 0
49 -23 47 0
88 21 -79 0
-77 -37 -38 0
27 -30 -16 0
35 -25 53 0
85 -61 -56 0
77 -20 -47 0
-77 31 -6 0
-20 -81 45 0
23 -29 59 0
-68 23 -1 0
-46 -83 -68 0
39 24 -23 0
-89 -4 10 0
-48 -72 15 0
3 56 -38 0
77 -55 -38 0
39 -24 -90 0
-4 -71 25 0
-49 79 -81 0
80 -9 -28 0
-2 22 72 0
32 -74 -25 0
-71 -29 38 0
70 -42 -62 0
-3 78 -82 0
51 31 38 0
16 -28 18 0
-70 87 38 0
50 47 10 0
1 23 -84 0
17 -5 -78 0
-85 40 -89 0
-60 6 -35 0
-40 -59 -13 0
-36 -6 3 0
-13 -67 -27 0
-61 -84 -66 0
83 -60 -1 0
15 5 65 0
-76 3 4 0
-10 14 84 0
87 56 5 0
-20 -86 44 0
74 -37 5 0
49 62 20 0
-36 -46 75 0
85 -44 67 0
23 24 -71 0
7 72 -43 0
32 -18 60 0
71 -70 19 0
-47 2 -45 0
-43 22 13 0
-58 27 -49 0
78 34 -76 0
89 5 42 0
24 -11 44 0
19 48 4 0
6 -82 12 0
77 58 64 0
-11 73 29 0
46 89 -38 0
-6 -3 -86 0
-14 70 -28 0
-43 -62 69 0
-7 33 14 0
-70 -9 -87 0
10 80 25 0
15 48 52 0
32 -39 -80 0
-72 55 -7 0
-66 46 -85 0
75 -16 -54 0
-5 -27 -65 0
10 -34 85 0
66 -64 3 0
-44 -58 32 0
-48 27 81 0
-66 -39 -83 0
-41 72 66 0
54 -51 -22 0
-36 58 40 0
-17 -33 5 0
-88 40 -56 0
-31 3 -45 0
-76 -87 11 0
-53 -81 -80 0
33 -88 -45 0
6 -70 -23 0
-62 78 89 0
-11 27 70 0
-60 67 32 0
60 -88 -47 0
90 -6 -15 0
-62 -69 6 0
-24 -18 37 0
14 70 4 0
1 -12 -5 0
34 57 -70 0
-14 -59 12 0
90 67 71 0
-53 7 11 0
47 -71 51 0
68 -10 8 0
-14 -8 -49 0
12 -89 72 0
-17 32 11 0
-3 48 -74 0
-55 18 -71 0
13 -80 83 0
20 31 -87 0
86 -82 -42 0
-79 -18 41 0
-76 51 36 0
-20 -37 4 0
38 -30 13 0
-87 42 -59 0
-15 -22 -59 0
-73 -24 22 0
-25 88 -63 0
-76 -87 70 0
63 -7 59 0
32 -74 77 0
71 -89 -31 0
79 -45 38 0
-84 -49 -44 0
20 61 54 0
39 88 -89 0
-23 -70 -68 0
-47 -83 89 0
-61 -6 -41 0
17 8 40 0
70 -45 31 0
62 -29 47 0
3 54 10 0
-65 -62 71 0
46 26 39 0
28 -89 78 0
-80 -59 68 0
-40 -43 -37 0
50 32 -3 0
-53 6 9 0
35 9 -51 0
23 27 33 0
-69 72 16 0
47 -23 7 0
-73 -77 41 0
27 6 -59 0
-24 -38 -75 0
-29 68 -85 0
-21 75 -3 0
-44 -28 59 0
-33 -45 -50 0
40 -18 -37 0
-25 85 -35 0
-30 75 77 0
-44 6 -36 0
-15 -12 -8 0
-37 -38 62 0
-58 34 -71 0
-6 75 21 0
62 -6 -85 0
-73 -9 -4 0
90 -63 55 0
31 26 51 0
-81 73 82 0
-66 -58 40 0
-63 -51 -80 0
72 73 81 0
3 -75 33 0
73 -83 -56 0
74 -41 68 0
-57 17 -76 0
-1 -29 -49 0
-18 43 86 0
-36 -78 -40 0
86 8 -13 0
3 -90 57 0
-86 12 -53 0
29 -80 64 0
-80 10 27 0
-64 54 -27 0
-8 89 26 0
13 67 11 0
76 43 5 0
8 -25 -33 0
-50 -29 -84 0
-13 67 30 0
84 29 -58 0
-4 -83 -82 0
59 13 21 0
30 -20 -37 0
60 -80 75 0
7 50 52 0
-88 -22 90 0
90 68 76 0
-13 38 -18 0
27 15 9 0
-33 -44 -70 0
25 29 74 0
-38 -46 64 0
-90 9 -64 0
-56 -82 79 0
54 -8 41 0
-60 71 -4 0
11 -71 -44 0
-63 31 1 0
-20 84 -47 0
52 2 77 0
27 84 -78 0
76 77 50 0
-41 -44 -54 0
50 -70 -42 0
-39 -89 -10 0
69 -62 -90 0
-79 25 -32 0
7 64 -90 0
26 -31 -42 0
87 -24 -19 0
16 46 89 0
21 73 -16 0
-41 43 38 0
69 42 75 0
-36 -78 27 0
4 -86 -42 0
14 73 36 0
-5 31 51 0
-67 45 -48 0
-15 -19 -65 0
-70 45 -87 0
69 28 -10 0
-77 -70 -23 0
-86 -9 -12 0
19 58 -70 0
-49 29 -46 0
-54 -76 84 0
68 -87 23 0
-52 -1 -74 0
11 -54 25 0
-30 -19 -26 0
