c instance by G2
c solution = 10010011110111000111
c Known solution cost is 4927 
p cnf 20 60
w 212 976 718 549 736 228 581 835 239 430 680 135 108 64 279 23 958 719 292 763
-10 -3 7 0
-19 18 16 0
20 -19 11 0
-5 -13 -20 0
20 17 -15 0
-1 6 18 0
-5 11 1 0
17 -9 1 0
-19 -1 14 0
-19 12 -16 0
14 -8 -12 0
-9 -6 2 0
13 -8 -20 0
6 17 -3 0
-12 -15 2 0
15 5 12 0
10 17 12 0
6 11 7 0
-19 -15 -20 0
-8 -11 -7 0
13 15 11 0
-12 -9 14 0
-9 -2 -19 0
-8 19 -6 0
-20 -9 10 0
-18 7 -5 0
12 -3 17 0
17 5 14 0
-2 -5 -16 0
1 -7 18 0
5 -1 13 0
18 6 5 0
-1 -19 10 0
18 -10 16 0
3 -2 10 0
20 5 -1 0
-13 1 -8 0
15 -7 9 0
-17 11 10 0
3 6 20 0
-17 4 -16 0
-18 8 -7 0
-4 17 19 0
16 -5 -14 0
4 -11 -15 0
19 -14 16 0
-16 -17 7 0
-6 14 8 0
2 -13 -5 0
18 -9 -10 0
-16 -7 -18 0
-7 -13 -6 0
19 16 -18 0
10 16 -4 0
2 -1 -17 0
-18 15 -5 0
-1 -2 -11 0
-19 -11 4 0
4 -1 -19 0
-11 -12 -16 0
