c instance by G2
c solution = 1001001111011100011100001101000111110101101011010000001100001011111001000111101111001001101000101011001000111011000000001011110110
c Known solution cost is 29511 
p cnf 130 390
w 178 508 514 145 938 653 199 290 156 962 758 24 386 812 217 700 236 942 689 347 749 885 835 214 625 661 835 732 729 244 370 874 531 590 10 737 984 361 961 555 607 999 235 636 569 947 750 329 714 96 72 491 179 451 15 357 21 484 890 492 459 93 749 520 319 167 703 651 85 272 427 258 151 244 792 32 734 42 394 694 669 828 854 77 399 979 70 34 151 205 910 989 222 909 338 208 184 294 492 783 28 740 96 375 70 16 201 440 159 58 483 623 138 146 626 953 86 508 122 673 767 848 22 651 129 297 956 484 427 139
-100 -27 118 0
-96 -83 -130 0
18 -91 87 0
-85 79 -76 0
-100 7 -50 0
45 -85 -52 0
-68 80 -60 0
-47 51 -122 0
42 1 -28 0
66 -99 -36 0
104 82 -87 0
118 13 88 0
22 -41 -84 0
72 -6 -53 0
34 98 68 0
-99 32 113 0
78 -4 -68 0
-119 30 -1 0
7 73 59 0
-85 -96 65 0
69 -16 -17 0
-110 60 -58 0
23 -123 -22 0
128 -19 29 0
-107 -93 66 0
117 46 36 0
-95 -87 -107 0
-128 -33 -127 0
-88 -80 -30 0
68 -87 -89 0
-42 89 -32 0
-83 -86 7 0
28 -39 -121 0
-123 124 23 0
-73 -78 -106 0
-43 59 99 0
-52 -81 113 0
-58 59 44 0
-52 109 96 0
-125 -44 122 0
75 5 9 0
120 89 118 0
122 113 13 0
103 -127 102 0
42 -112 12 0
15 78 -96 0
27 -49 59 0
-114 65 34 0
28 -111 -30 0
89 -45 51 0
-48 27 75 0
-125 -57 33 0
-56 -42 68 0
105 3 -58 0
82 110 64 0
-32 -80 -23 0
104 55 -126 0
-87 -78 109 0
-126 -105 -7 0
66 -28 -127 0
70 -80 -59 0
6 -82 -72 0
-112 -39 29 0
-109 -17 39 0
-78 107 -125 0
-42 -97 -108 0
-112 -14 -16 0
-46 82 -28 0
-101 -1 -100 0
-93 -120 25 0
-128 43 -10 0
18 -45 102 0
-65 20 -75 0
-11 34 73 0
44 121 101 0
33 -125 -32 0
98 116 43 0
101 93 64 0
-67 -29 -12 0
17 -64 43 0
124 -126 -73 0
-89 -5 82 0
-105 37 70 0
3 -88 36 0
49 -11 69 0
124 37 -67 0
121 46 74 0
70 122 -62 0
-122 5 99 0
17 -45 -115 0
112 -32 -39 0
-76 -54 -48 0
-43 67 63 0
29 10 -130 0
13 -129 -85 0
2 104 -53 0
-66 -61 65 0
-65 -122 -36 0
33 -36 88 0
-66 48 91 0
-57 112 118 0
31 46 -48 0
115 87 -27 0
-111 -31 -93 0
33 46 69 0
-57 19 18 0
-18 105 40 0
96 -67 95 0
-67 81 -75 0
105 56 53 0
-76 107 58 0
-130 -63 38 0
-125 -61 65 0
4 45 82 0
92 -123 45 0
-101 62 88 0
-74 26 -90 0
60 86 61 0
-119 11 -69 0
-73 97 78 0
-59 -42 -29 0
-71 -45 -79 0
49 60 9 0
124 51 113 0
-42 103 64 0
-80 -44 17 0
-47 68 49 0
-3 -82 106 0
-120 -118 -12 0
-51 10 -20 0
125 50 -68 0
1 21 -96 0
101 61 -44 0
48 -60 -129 0
-125 102 -49 0
28 80 85 0
6 -118 84 0
92 105 -57 0
91 43 80 0
-40 89 54 0
-6 -39 -88 0
109 -69 -26 0
88 5 31 0
-17 56 79 0
74 -78 67 0
-48 -83 38 0
-55 80 -4 0
-11 -115 50 0
72 -11 -126 0
-117 -18 100 0
64 -88 -63 0
-96 74 -13 0
-73 81 103 0
93 -18 -114 0
119 86 77 0
58 97 -5 0
74 47 83 0
-28 13 -99 0
-93 2 -98 0
-97 93 38 0
-84 97 -70 0
75 -29 18 0
83 16 -22 0
-56 70 15 0
-102 22 -85 0
-54 7 124 0
-1 12 -118 0
29 -88 89 0
-65 71 -117 0
43 7 -104 0
81 -125 -22 0
-34 115 -24 0
-122 73 126 0
-108 -35 76 0
84 21 9 0
-122 -36 106 0
-125 -1 124 0
115 -18 -22 0
-10 112 -111 0
-128 -5 -45 0
54 -73 -34 0
-32 -6 -109 0
-4 12 -24 0
-81 -93 -19 0
-109 -69 -76 0
-47 88 -120 0
32 -43 8 0
3 59 35 0
-120 113 -128 0
120 -30 37 0
94 -105 87 0
36 -37 -113 0
-68 -130 81 0
-57 37 -11 0
3 79 -13 0
90 -12 45 0
-41 -31 -16 0
-16 -14 -118 0
-58 15 -6 0
32 -11 93 0
62 -37 -33 0
3 -128 14 0
54 50 40 0
21 -11 12 0
57 50 -21 0
-94 37 -125 0
39 -2 -43 0
100 -104 114 0
-23 90 -125 0
-128 41 -112 0
81 -24 -19 0
96 39 32 0
-119 117 -123 0
110 -1 13 0
120 95 -7 0
-99 19 -2 0
-78 129 8 0
-37 78 -9 0
-54 -104 -19 0
104 96 -92 0
85 30 -45 0
-62 -3 58 0
-11 10 83 0
-9 93 91 0
30 97 -74 0
-3 79 -96 0
-110 118 53 0
50 -99 -31 0
-50 24 -96 0
10 -103 -55 0
-14 31 -101 0
106 60 100 0
-106 -109 -20 0
111 120 -15 0
-60 50 -61 0
73 67 -125 0
60 -4 109 0
-118 -1 86 0
70 76 -2 0
-67 -101 -42 0
108 26 -101 0
-88 49 -73 0
47 123 22 0
126 -20 -10 0
-26 94 25 0
71 -85 -98 0
-21 75 17 0
-100 83 28 0
-101 -56 -43 0
86 -4 -50 0
27 -115 8 0
96 -87 80 0
22 -96 -28 0
15 -46 56 0
36 -83 -46 0
90 54 -6 0
-2 3 117 0
-96 -25 46 0
-54 72 -122 0
-59 30 -12 0
73 -87 101 0
-54 101 96 0
77 129 68 0
-67 -120 27 0
60 -52 -35 0
93 4 -126 0
-114 38 -130 0
20 70 -129 0
55 90 120 0
-82 100 122 0
-59 13 10 0
31 -65 38 0
-73 -30 29 0
-6 120 121 0
120 56 64 0
15 -37 115 0
48 -108 71 0
29 3 19 0
111 -12 -7 0
110 -76 129 0
-70 83 -24 0
8 -24 -45 0
99 112 -119 0
67 -85 -2 0
42 12 -56 0
7 89 -34 0
-76 -25 18 0
64 -32 127 0
102 108 58 0
127 26 -121 0
87 112 -18 0
-129 -69 79 0
116 37 -130 0
95 -61 -97 0
117 77 71 0
34 -128 -106 0
125 -97 -1 0
59 -16 -28 0
-52 -18 -1 0
12 99 1 0
-63 9 -82 0
-102 56 86 0
-18 -84 -67 0
-97 63 -103 0
127 -78 -100 0
-110 -124 -23 0
20 15 -44 0
89 -91 87 0
-15 68 -10 0
30 4 49 0
37 -76 -90 0
-51 -36 -79 0
58 -109 -29 0
88 74 -66 0
-116 -36 -95 0
105 121 -32 0
124 -46 -107 0
89 -4 29 0
-31 78 -67 0
-6 -63 -87 0
-65 -19 -68 0
127 18 13 0
-130 3 -66 0
-113 84 57 0
117 57 108 0
-94 -110 -103 0
92 -27 -9 0
-61 36 115 0
-93 -81 -129 0
79 -30 -21 0
-52 -40 64 0
39 63 -43 0
4 63 -75 0
-21 -17 -45 0
101 110 -42 0
-45 80 39 0
126 110 14 0
-86 27 53 0
118 124 80 0
99 3 87 0
18 -91 -67 0
-77 -91 107 0
-62 -36 49 0
127 19 12 0
-111 -83 119 0
-61 8 110 0
119 -58 77 0
103 118 -20 0
95 10 -102 0
81 13 -80 0
56 -33 -76 0
3 77 80 0
27 28 -41 0
52 -10 109 0
-12 11 81 0
87 56 -14 0
-16 22 -86 0
78 16 88 0
31 80 7 0
-15 -61 -66 0
-96 29 -4 0
-9 14 -28 0
-113 -28 124 0
-19 5 -11 0
-67 97 114 0
-16 50 76 0
42 12 -52 0
23 46 54 0
-5 -64 78 0
62 -104 6 0
5 10 -106 0
-11 -31 -109 0
-118 -100 -96 0
98 20 -97 0
-92 106 -31 0
-11 -126 -127 0
16 75 -23 0
127 -32 -54 0
-55 -40 -29 0
-43 -80 40 0
83 2 -42 0
-99 62 -16 0
-28 83 -50 0
-99 -28 -47 0
-36 -127 3 0
-28 -44 16 0
-77 100 87 0
-86 -71 -16 0
-45 48 -120 0
49 -58 -25 0
