c instance by G2
c solution = 100100111101110001110000110100
c Known solution cost is 7620 
p cnf 30 90
w 752 974 732 292 423 637 511 238 441 132 304 741 369 34 437 14 663 522 538 994 517 237 310 589 812 463 398 781 394 993
-8 -16 4 0
-10 -25 -23 0
19 -15 8 0
-28 4 -11 0
-20 -29 -24 0
19 28 -10 0
4 -7 -23 0
-30 6 -5 0
26 -1 -12 0
-16 -27 11 0
-30 13 -8 0
6 -10 -23 0
1 18 26 0
17 10 16 0
2 -6 -25 0
-28 -17 8 0
-14 -29 12 0
6 21 -17 0
-14 25 -1 0
16 17 20 0
26 8 -13 0
16 3 -22 0
29 20 -10 0
1 -13 -19 0
1 -12 -5 0
-25 10 -29 0
-23 7 11 0
8 -25 -3 0
-14 8 23 0
-11 12 6 0
-30 -19 21 0
24 -18 19 0
24 -21 -22 0
17 27 26 0
22 17 14 0
21 1 8 0
30 7 15 0
17 28 4 0
25 -1 -26 0
-17 -23 29 0
-11 -28 29 0
-10 -29 -13 0
-3 18 -22 0
-10 28 3 0
26 18 -9 0
17 -11 21 0
11 -29 -1 0
25 -14 7 0
-6 -28 10 0
28 -29 18 0
13 12 -20 0
-11 13 8 0
-15 -22 -29 0
20 1 -27 0
-20 -29 8 0
-25 18 24 0
23 8 6 0
-29 -19 -6 0
-4 -2 -20 0
-5 -19 -21 0
14 13 6 0
17 23 -22 0
21 -16 -1 0
-21 -10 -26 0
-1 -29 -19 0
-20 -7 4 0
-6 -18 27 0
3 13 -26 0
-30 9 -4 0
-26 -5 -9 0
10 -15 1 0
-6 -3 -26 0
-18 16 -29 0
-8 25 -13 0
-10 14 24 0
21 -6 -7 0
20 2 -3 0
-15 -19 -5 0
-24 -25 -7 0
9 22 23 0
22 4 16 0
-20 10 27 0
12 -28 19 0
-4 -3 23 0
23 12 27 0
-8 -1 -6 0
17 8 10 0
-4 -12 -27 0
-26 12 -23 0
5 24 -15 0
