c instance by G2
c solution = 100100111101110001110000110100011111010110101101000000110000
c Known solution cost is 12948 
p cnf 60 180
w 135 654 183 749 939 632 351 93 192 874 260 362 278 743 207 18 652 248 128 331 263 277 187 306 913 805 127 76 678 783 863 731 920 63 586 729 972 894 851 209 122 27 327 888 938 240 431 127 250 388 562 883 418 157 495 289 421 352 475 931
21 -44 27 0
5 39 -51 0
-6 -9 -53 0
47 34 -52 0
29 39 4 0
31 -38 -6 0
50 -24 59 0
-41 57 40 0
46 43 35 0
31 -42 -5 0
-11 13 8 0
8 -25 -33 0
20 47 10 0
20 1 -27 0
-38 35 30 0
-4 24 -27 0
49 48 34 0
40 -18 -7 0
45 -46 -54 0
10 -45 31 0
-6 -18 27 0
-24 -8 -45 0
-50 -37 4 0
50 23 36 0
-38 -46 34 0
-17 2 11 0
56 -31 -12 0
37 34 -60 0
-56 42 -53 0
-45 26 11 0
-28 10 -56 0
-21 45 -3 0
25 -1 -26 0
34 27 -10 0
-22 -28 27 0
-32 12 -18 0
-23 37 41 0
-7 31 -27 0
-36 -58 40 0
-46 -53 -8 0
-11 12 6 0
-8 -15 30 0
-14 -2 3 0
15 45 -48 0
-16 -57 11 0
-12 25 -7 0
-58 57 -49 0
6 -22 12 0
-16 46 -6 0
18 -34 -7 0
-40 14 54 0
-60 39 -34 0
54 -21 -22 0
-30 15 47 0
-52 44 31 0
-14 -58 2 0
-32 11 -16 0
-36 46 -25 0
4 -56 -12 0
-14 -59 12 0
-59 -1 47 0
54 -58 59 0
59 -2 25 0
16 56 9 0
11 8 -14 0
-31 27 32 0
-34 -47 -43 0
55 -44 37 0
58 -9 -37 0
-43 -47 11 0
-55 18 -41 0
-36 45 51 0
14 -56 -41 0
17 8 40 0
-30 13 -8 0
-25 1 29 0
54 51 48 0
-32 -35 20 0
-26 53 -51 0
13 42 -50 0
54 27 55 0
56 18 -9 0
3 -8 38 0
-47 -7 -8 0
-1 -29 -49 0
21 -36 -37 0
37 -7 -21 0
22 -9 13 0
40 -4 55 0
-20 -5 -4 0
-37 -38 32 0
24 -18 -17 0
21 1 8 0
-1 -6 -11 0
27 -50 -14 0
11 -40 19 0
-40 -39 -27 0
-41 -14 -54 0
-20 10 57 0
44 56 3 0
-45 -52 -29 0
-4 -41 55 0
52 -16 57 0
5 -60 -48 0
-59 8 -25 0
-36 54 40 0
-17 -53 29 0
-42 6 17 0
31 12 -26 0
-10 -15 42 0
15 -44 23 0
37 32 -41 0
32 -9 -50 0
9 12 45 0
-55 40 -59 0
36 -10 -23 0
23 -60 -1 0
12 -28 19 0
54 -57 -40 0
24 -53 -18 0
41 17 52 0
11 -59 -31 0
-41 -59 38 0
50 32 -3 0
-20 -29 8 0
27 57 -30 0
-44 34 -7 0
56 38 -13 0
-2 -9 6 0
-28 4 -11 0
-33 18 -22 0
2 -6 -55 0
-34 -53 -22 0
27 30 -54 0
40 50 55 0
-18 -16 -46 0
-3 -45 -12 0
29 43 21 0
49 -45 43 0
27 -30 -16 0
47 23 -22 0
-44 25 -1 0
-21 2 50 0
60 -39 -46 0
39 -29 16 0
19 -23 47 0
58 -59 18 0
44 58 46 0
39 -28 -23 0
13 44 -40 0
-32 60 -31 0
-20 -29 -54 0
41 -24 55 0
-26 10 56 0
-60 36 -5 0
-29 -19 -6 0
33 -3 -6 0
-53 -10 -38 0
26 -22 -12 0
10 44 30 0
23 38 36 0
58 21 -11 0
-10 5 -49 0
3 -4 34 0
-20 -26 14 0
53 28 6 0
38 21 53 0
-39 -4 23 0
-40 -29 -13 0
49 -15 38 0
47 58 4 0
24 7 11 0
19 58 -10 0
-3 18 -44 0
30 25 -20 0
52 17 33 0
44 43 6 0
39 24 -23 0
-58 -47 8 0
9 2 -7 0
