c instance by G2
c solution = 10010011110111000111000011010001111101011010110100000011000010111110010001111011110010011010001010110010001110
c Known solution cost is 31350 
p cnf 110 330
w 236 75 916 319 193 578 892 113 389 498 598 888 688 915 245 134 199 733 785 373 754 247 923 718 421 8 942 291 642 560 520 156 130 949 286 128 577 241 927 722 818 3 685 846 983 615 535 944 400 231 304 439 200 303 290 199 870 977 485 333 841 876 657 476 934 133 277 428 661 793 363 254 458 871 788 689 66 343 298 951 898 331 176 186 704 531 370 514 848 321 463 258 784 993 675 506 941 228 495 683 587 593 568 605 837 232 505 290 966 351
14 -1 -35 0
-88 -85 99 0
93 33 -37 0
-102 -2 93 0
-104 -90 -14 0
52 71 80 0
-16 -56 -24 0
-2 -85 102 0
70 -99 101 0
-47 78 -75 0
-81 -42 22 0
20 96 -108 0
18 -12 66 0
59 -51 -41 0
26 -28 90 0
68 64 15 0
-21 81 36 0
49 70 -99 0
-91 56 -43 0
-58 90 -20 0
-66 69 91 0
-11 -67 5 0
-76 34 85 0
-53 -81 86 0
-29 88 -74 0
-59 36 5 0
-62 -69 4 0
-49 -13 -28 0
-95 20 45 0
57 50 80 0
74 94 71 0
108 -75 -24 0
-106 -44 -68 0
-100 73 66 0
-91 -2 -1 0
-100 27 38 0
-43 107 6 0
-72 -22 35 0
-39 -58 25 0
74 -30 -84 0
-38 20 -80 0
-25 -108 19 0
102 84 75 0
68 110 -58 0
-38 42 18 0
-106 54 38 0
-82 -98 69 0
-54 52 -60 0
34 90 64 0
-19 -71 84 0
75 -78 -23 0
103 -89 -2 0
-48 -76 46 0
-23 -63 79 0
-15 52 13 0
-87 93 -36 0
48 -24 7 0
40 -25 -55 0
-69 -43 -45 0
-54 31 -28 0
-3 81 83 0
97 -35 -91 0
-88 100 -32 0
57 -63 97 0
-39 27 49 0
110 5 33 0
-103 2 -101 0
-9 60 -59 0
-8 48 54 0
58 96 -98 0
-62 2 -26 0
-72 -18 53 0
78 84 70 0
72 -53 7 0
-70 39 -54 0
71 55 62 0
-6 77 -45 0
49 98 -106 0
20 34 -53 0
97 21 11 0
-62 91 73 0
39 3 -78 0
-84 107 59 0
95 7 99 0
-29 -99 15 0
41 -36 -3 0
-70 -77 -68 0
-67 -48 -53 0
-18 12 -22 0
79 -37 68 0
74 -48 -80 0
-88 -57 12 0
43 -44 91 0
92 62 -50 0
-107 15 70 0
22 95 -77 0
-78 29 -26 0
53 63 -26 0
83 109 -14 0
-46 -34 -84 0
-46 15 12 0
-24 -99 39 0
-9 38 27 0
17 -55 -11 0
66 -25 -14 0
-20 -63 77 0
22 -39 19 0
-44 -84 92 0
1 31 39 0
80 62 -11 0
-39 -34 3 0
41 52 2 0
50 -86 58 0
62 97 -19 0
53 26 40 0
19 -41 -97 0
98 60 89 0
32 -79 83 0
-1 -66 10 0
-90 98 -97 0
5 91 1 0
-57 80 32 0
29 -86 -12 0
-92 -31 -1 0
-55 -18 -90 0
40 -61 55 0
-75 -3 -40 0
-3 49 -81 0
88 -56 -71 0
100 -56 22 0
-57 44 92 0
44 32 -33 0
43 9 -110 0
79 -8 -100 0
62 -96 73 0
66 -73 1 0
-19 61 53 0
6 -55 70 0
-77 34 -9 0
-67 91 20 0
9 81 -104 0
53 -44 -66 0
23 -38 95 0
74 -73 7 0
30 12 -27 0
3 -8 -73 0
-87 98 89 0
51 -41 -29 0
47 -59 62 0
-65 103 52 0
-19 33 49 0
56 37 23 0
42 -103 -105 0
4 -45 42 0
54 -38 63 0
83 95 -15 0
77 15 -12 0
-52 -32 -73 0
-55 28 94 0
-12 14 -88 0
-12 -30 80 0
49 -40 -68 0
-49 94 93 0
-15 8 76 0
-68 9 -38 0
-41 28 -97 0
7 3 6 0
-27 106 -8 0
104 -10 -21 0
104 -27 89 0
-43 -79 -16 0
46 79 -66 0
47 -66 40 0
30 45 59 0
66 -13 -89 0
-51 105 -8 0
-46 -62 -26 0
-5 108 -40 0
48 24 -20 0
2 -60 -38 0
-97 85 101 0
105 -7 64 0
94 57 25 0
-96 -64 97 0
-110 6 -99 0
-9 -96 -94 0
-7 -82 99 0
88 -58 -24 0
-110 9 40 0
-10 23 -83 0
-10 88 53 0
-24 45 47 0
34 -75 87 0
35 -43 -20 0
20 92 110 0
1 58 56 0
-88 79 37 0
-8 -44 95 0
-74 33 49 0
82 106 -87 0
50 38 -55 0
-72 45 -96 0
34 -17 46 0
102 -71 96 0
-87 14 -16 0
-7 -24 52 0
31 -17 50 0
-45 23 -27 0
-4 -33 7 0
81 -4 68 0
-23 -31 9 0
28 88 -51 0
-50 63 37 0
-66 -55 48 0
-26 104 109 0
-70 -18 -47 0
-37 29 73 0
36 29 83 0
108 5 28 0
71 67 90 0
96 -46 28 0
38 -109 67 0
57 40 100 0
-12 -80 -57 0
8 110 -74 0
43 -26 96 0
19 -103 101 0
72 10 -92 0
-67 24 -102 0
58 -23 -40 0
-39 89 42 0
-18 67 -15 0
4 -38 53 0
93 -41 -86 0
110 54 65 0
97 -70 -33 0
77 20 -40 0
24 44 91 0
102 -63 -104 0
107 -48 -41 0
59 -60 64 0
94 -48 -30 0
-109 108 76 0
-25 1 51 0
8 110 -90 0
35 -89 -26 0
39 -34 66 0
97 41 -4 0
88 -40 46 0
-13 53 81 0
53 -107 -29 0
-107 -67 -93 0
-42 94 -7 0
-52 -64 -12 0
35 75 -108 0
38 99 -98 0
4 -25 30 0
-27 -96 -35 0
-44 -30 27 0
107 1 -45 0
-28 26 -7 0
99 -19 43 0
14 -21 70 0
-34 25 -59 0
-70 84 4 0
-29 -57 -98 0
83 73 20 0
52 15 56 0
20 63 96 0
62 -5 -32 0
-50 -16 -21 0
93 -3 47 0
88 -92 43 0
-81 -62 -26 0
-12 50 82 0
-62 -65 -6 0
69 -25 -31 0
-100 34 41 0
-96 28 -89 0
9 22 -89 0
21 -105 -28 0
45 -107 33 0
67 102 80 0
-33 -9 -94 0
50 84 41 0
-22 73 27 0
60 3 -87 0
31 4 -78 0
-75 60 88 0
-53 100 6 0
-10 -15 30 0
83 101 13 0
73 14 45 0
-73 -12 96 0
-22 -37 41 0
-81 61 -110 0
-34 67 109 0
-93 -108 98 0
-103 -36 -106 0
105 2 108 0
-109 -96 -45 0
-106 -101 -5 0
-36 98 -31 0
15 24 26 0
74 -107 50 0
-110 25 -31 0
-92 -75 42 0
80 -6 64 0
-19 -43 -68 0
60 11 -72 0
59 76 39 0
-97 31 34 0
14 -45 27 0
13 5 93 0
78 -53 -1 0
67 15 94 0
94 -32 -87 0
-89 96 -57 0
-81 65 20 0
-100 -12 36 0
-77 -23 51 0
47 30 -104 0
67 32 -23 0
18 -12 1 0
89 56 -63 0
-6 15 84 0
-91 25 45 0
-39 -70 19 0
109 60 46 0
-6 2 -100 0
