c instance by G2
c solution = 1001001111011100011100001101000111110101101011010000001100001011111001000111101111001001101000101011
c Known solution cost is 21189 
p cnf 100 300
w 326 388 617 916 599 268 425 744 427 139 536 866 56 347 56 480 354 5 750 606 41 595 669 589 47 127 77 775 996 536 482 48 214 521 369 69 791 508 960 327 728 412 10 875 200 124 857 393 981 595 681 837 577 101 165 381 851 337 475 221 374 117 156 839 966 359 213 84 520 654 96 108 151 411 153 49 548 519 897 435 930 750 823 57 356 432 89 928 88 810 214 644 47 201 335 413 5 693 909 7
39 -66 -58 0
-79 -29 69 0
-40 -63 10 0
-54 76 -50 0
-32 93 74 0
-96 37 -63 0
-30 -43 78 0
70 -40 -39 0
-36 -33 -57 0
20 94 99 0
40 -80 97 0
-86 87 18 0
-79 74 39 0
35 -79 68 0
28 87 -15 0
-67 75 69 0
-50 87 -10 0
43 47 -24 0
96 34 -70 0
-73 19 -82 0
-42 59 -82 0
-14 34 -47 0
62 40 64 0
-69 94 -18 0
-4 26 78 0
71 60 67 0
85 -76 86 0
88 56 98 0
11 -76 -52 0
9 6 -14 0
-1 71 70 0
80 27 59 0
-87 -68 10 0
60 94 46 0
-27 29 8 0
27 88 83 0
19 30 -100 0
-13 24 -27 0
-77 96 14 0
77 79 38 0
-31 -21 -13 0
21 40 -56 0
-59 79 -22 0
-69 93 80 0
45 -97 35 0
-65 100 -5 0
-88 13 71 0
-76 -65 -54 0
-94 27 74 0
22 -13 -37 0
20 12 -32 0
99 -80 -31 0
-38 28 -85 0
27 79 -74 0
-93 -48 4 0
5 41 -45 0
-10 64 -56 0
3 -17 69 0
5 -74 67 0
45 -11 -87 0
-8 43 93 0
28 64 20 0
15 -25 20 0
24 -8 -71 0
-86 -84 -68 0
63 -66 98 0
-26 -59 -38 0
-92 -37 -38 0
81 63 -10 0
-15 -61 -4 0
-14 22 -94 0
62 -43 18 0
-57 -89 -52 0
-24 87 -10 0
93 -84 -76 0
24 25 42 0
61 72 90 0
-45 52 32 0
15 65 29 0
72 -30 15 0
6 -37 -13 0
-12 -86 -29 0
19 92 -29 0
51 61 -96 0
-70 16 77 0
-83 -70 15 0
-9 42 -86 0
93 -25 -5 0
-66 -76 -31 0
43 26 49 0
100 -40 -89 0
-73 69 -43 0
27 89 92 0
-26 -1 -96 0
-95 -3 62 0
-9 59 -60 0
89 44 23 0
-10 -88 32 0
8 71 -10 0
35 98 -66 0
14 71 -82 0
4 31 23 0
-100 -38 -22 0
-74 75 -64 0
33 -18 -97 0
-2 -51 33 0
-73 -78 -76 0
27 -45 -52 0
75 60 -66 0
-23 87 -48 0
61 -20 59 0
34 8 -65 0
-60 -13 -81 0
71 -13 38 0
-43 67 63 0
-94 -54 -49 0
85 34 -1 0
-53 -77 -85 0
82 -7 -9 0
12 -83 37 0
-79 -35 -72 0
36 69 -18 0
54 -70 -62 0
-95 -20 74 0
52 -61 63 0
4 -57 42 0
-7 74 -66 0
55 43 -48 0
68 -29 -79 0
-10 73 -86 0
-87 17 74 0
-20 100 -90 0
-41 82 -58 0
-27 96 9 0
69 -10 99 0
50 85 -89 0
29 33 27 0
24 -78 67 0
44 -67 66 0
81 93 4 0
35 51 -92 0
60 -32 77 0
-86 69 -54 0
76 -9 -66 0
-76 -12 8 0
-78 69 -13 0
92 100 58 0
-18 -27 -67 0
-63 39 -57 0
-2 -82 -45 0
-99 1 2 0
21 82 92 0
50 6 -2 0
46 85 -33 0
19 -58 37 0
-49 45 -21 0
18 -74 -38 0
-8 -3 -7 0
91 81 -44 0
-30 -1 -88 0
-41 -87 -95 0
-99 91 -59 0
-46 -32 35 0
-92 5 19 0
9 -11 7 0
63 6 -82 0
-20 -44 94 0
-26 -5 -97 0
-6 88 51 0
-93 74 13 0
31 -95 -52 0
-73 -90 79 0
88 -74 90 0
37 -89 9 0
61 31 32 0
27 64 -41 0
-54 28 -40 0
-27 88 -40 0
12 27 -76 0
-78 -63 58 0
8 29 -95 0
66 60 1 0
33 -77 91 0
54 -43 -94 0
52 -2 -49 0
-57 -30 47 0
24 -56 -93 0
58 50 -98 0
99 -96 -47 0
-50 -20 -74 0
-96 -76 -58 0
-65 -94 -39 0
23 36 34 0
-15 7 70 0
63 23 37 0
-33 -22 60 0
-7 20 27 0
61 50 -62 0
-83 31 63 0
-53 -100 30 0
-87 -13 6 0
29 -94 9 0
-62 50 12 0
-98 47 -5 0
-20 80 -18 0
-45 40 -84 0
18 -60 -49 0
-62 16 76 0
-31 69 50 0
98 16 33 0
12 -96 42 0
-47 -58 79 0
23 19 -63 0
-31 -85 94 0
-95 38 -50 0
-10 24 81 0
-11 -1 -46 0
29 -84 80 0
-72 69 26 0
-82 53 67 0
37 -11 -95 0
22 32 -52 0
-33 -81 -69 0
-21 -14 3 0
-77 41 -72 0
7 11 -74 0
21 -58 -70 0
48 -31 -77 0
-41 -69 27 0
-87 52 98 0
55 37 -7 0
14 45 -46 0
-41 -66 -73 0
53 -6 -10 0
25 72 86 0
16 -78 -27 0
-21 -81 -79 0
-29 57 -43 0
-82 30 97 0
93 45 27 0
20 -92 85 0
48 -85 -14 0
-44 -91 39 0
-1 95 72 0
-94 51 -28 0
-83 -56 86 0
55 -65 23 0
-24 3 -1 0
91 -35 -8 0
18 27 29 0
-32 -82 -90 0
58 -38 19 0
-2 83 66 0
-82 -93 98 0
58 36 -51 0
51 34 7 0
85 66 83 0
-28 89 38 0
-38 90 -30 0
-22 61 1 0
3 -37 72 0
-16 -21 85 0
-68 6 98 0
62 -47 52 0
32 -41 -34 0
-52 -80 4 0
-74 58 4 0
71 73 -16 0
37 89 63 0
81 -14 -90 0
-46 -13 -30 0
-67 65 -32 0
-43 -39 16 0
-71 44 83 0
95 90 -38 0
-44 3 54 0
-5 -56 85 0
30 35 -64 0
-87 -18 -25 0
78 24 -16 0
-93 -81 16 0
4 72 -27 0
-30 19 44 0
56 -65 -97 0
-51 22 -19 0
-80 79 15 0
-6 -5 76 0
30 80 -99 0
94 23 -49 0
78 6 -86 0
-11 -15 60 0
58 -32 -59 0
64 -58 -86 0
-92 44 -32 0
36 -27 65 0
-96 52 -76 0
-7 73 -3 0
96 -18 14 0
-44 71 -91 0
-29 49 -4 0
