c instance by G2
c solution = 1001001111011100011100001101000111110101101011010000001100001011111001
c Known solution cost is 19113 
p cnf 70 210
w 758 553 466 810 766 356 911 774 890 493 571 110 502 276 606 314 290 940 563 274 81 437 160 695 471 121 927 76 645 688 880 671 401 477 196 835 465 611 961 204 472 171 773 400 134 903 266 969 777 12 827 229 191 258 338 424 561 315 925 552 426 463 614 303 776 333 908 60 8 376
58 -30 -49 0
-61 -51 -26 0
55 34 -21 0
-45 -10 14 0
-50 -34 14 0
-64 32 -4 0
-20 -2 -19 0
70 -50 7 0
-67 56 39 0
-34 -24 -33 0
8 33 58 0
-49 2 -56 0
-53 59 -43 0
-45 4 11 0
-11 -46 -13 0
68 26 8 0
-57 27 -11 0
-23 -68 54 0
-58 -30 -29 0
-1 -45 14 0
7 -25 18 0
70 45 -4 0
-44 27 57 0
-8 -3 -47 0
7 56 66 0
-47 19 18 0
-29 59 -12 0
-11 4 53 0
47 23 56 0
23 46 -52 0
-22 -11 53 0
-16 -3 -30 0
44 -27 42 0
67 29 38 0
20 -26 17 0
7 19 23 0
60 20 -9 0
-26 -25 -47 0
-19 45 -1 0
47 19 62 0
-64 1 -61 0
-53 29 -62 0
-66 -6 -68 0
-26 52 -16 0
62 27 -11 0
24 34 -40 0
-30 66 17 0
24 1 -42 0
-44 17 14 0
65 27 69 0
-34 25 -44 0
1 40 27 0
61 11 -34 0
-47 17 34 0
-13 -10 35 0
39 64 59 0
-10 1 -20 0
30 -1 -42 0
-29 -4 21 0
-67 -27 24 0
44 51 25 0
-43 7 38 0
49 7 6 0
-28 -17 -57 0
15 36 23 0
-1 61 54 0
10 -44 4 0
32 -52 12 0
34 -18 -46 0
-67 31 -5 0
31 -45 -22 0
2 52 48 0
48 -69 -59 0
14 35 -36 0
-64 67 -10 0
11 13 44 0
-22 55 59 0
-12 -36 -29 0
44 18 -45 0
-64 -40 46 0
-25 -37 -28 0
38 54 -26 0
34 10 70 0
9 -21 67 0
-64 57 32 0
-48 -19 -15 0
-19 -70 41 0
13 -57 62 0
35 50 -18 0
52 42 -22 0
-23 17 13 0
43 29 -67 0
55 -49 28 0
2 -63 67 0
-25 -23 -18 0
-66 60 -69 0
-54 4 -17 0
-49 14 -8 0
-63 -58 -36 0
-34 56 -10 0
3 54 12 0
51 -22 27 0
-13 57 14 0
-2 6 16 0
-53 -30 49 0
-69 61 -19 0
61 20 -15 0
-25 -26 -51 0
-14 -30 68 0
-31 -61 -69 0
-49 50 -19 0
36 11 -67 0
-45 58 -50 0
37 -47 60 0
-16 11 -43 0
-7 33 -63 0
59 -55 -21 0
-2 -60 14 0
-4 -59 -66 0
-20 -13 14 0
-57 52 38 0
-26 24 18 0
-30 -23 48 0
-5 20 -24 0
47 10 21 0
33 49 -3 0
-35 -4 -69 0
-11 53 62 0
47 60 -31 0
19 12 -9 0
33 37 -24 0
-57 28 -49 0
42 -16 22 0
31 51 12 0
-7 -48 70 0
65 -6 16 0
-26 -33 -52 0
-35 -46 65 0
-63 -5 -29 0
-38 33 -20 0
-18 13 -20 0
-62 21 61 0
-66 -24 -28 0
-4 -50 46 0
-50 27 -41 0
65 31 -2 0
58 -68 -9 0
40 -42 65 0
62 45 30 0
68 -62 -20 0
7 -45 -52 0
-13 -6 16 0
-39 9 -10 0
-2 -17 -18 0
-46 -55 38 0
24 52 -54 0
-11 42 -58 0
61 13 -40 0
55 2 -65 0
22 60 9 0
-36 3 -60 0
-28 -34 -58 0
-17 24 -13 0
67 58 69 0
21 -20 9 0
40 46 -22 0
30 -45 26 0
-36 -39 -68 0
-42 -53 8 0
46 60 31 0
-33 -41 -49 0
10 -50 -59 0
30 -50 -39 0
9 -48 -25 0
-70 -3 60 0
-41 -15 70 0
25 27 -37 0
54 -46 -23 0
-2 60 32 0
-32 33 37 0
-46 69 -24 0
18 47 -45 0
-26 -51 55 0
38 36 -21 0
63 6 -26 0
19 -7 2 0
34 3 -15 0
56 -28 -47 0
23 70 3 0
38 -24 -18 0
25 3 -18 0
-68 -30 31 0
-47 60 17 0
-62 -56 16 0
41 24 57 0
28 9 -55 0
66 -7 -63 0
23 40 37 0
54 33 -63 0
-36 66 -32 0
16 -13 28 0
44 35 -19 0
47 57 8 0
-15 -66 -27 0
-50 30 -68 0
-50 49 14 0
-65 23 -29 0
-39 5 17 0
49 -36 38 0
-48 -57 -13 0
