c instance by G2
c solution = 10010011110111000111000011010001111101011010110100
c Known solution cost is 12621 
p cnf 50 150
w 437 95 785 428 284 264 838 820 58 154 56 43 885 394 931 572 316 430 225 415 54 907 673 474 714 666 913 366 219 490 844 331 976 624 306 478 229 567 690 311 508 974 507 289 393 144 665 603 742 654
-35 14 -7 0
-36 34 8 0
48 -22 11 0
13 -12 50 0
25 21 -18 0
22 -18 45 0
-32 -45 -6 0
42 -50 46 0
-22 27 -32 0
2 -25 32 0
10 -49 41 0
44 20 5 0
-17 -8 -3 0
24 -20 -44 0
-28 39 -16 0
40 50 -45 0
-4 -47 31 0
24 -42 -37 0
9 -38 -20 0
34 21 23 0
-49 -21 44 0
29 -10 14 0
8 -49 -30 0
35 -41 43 0
-18 -37 17 0
30 -5 -19 0
-35 -34 -39 0
-49 -46 -35 0
38 -46 -34 0
-19 35 -32 0
-20 9 21 0
28 -41 -16 0
-21 -14 -7 0
-2 -19 44 0
-45 1 11 0
4 22 29 0
4 -20 30 0
-28 -26 -29 0
-42 -14 44 0
47 35 34 0
-7 1 34 0
-47 -13 -16 0
3 43 -35 0
8 4 10 0
-14 -50 -34 0
-49 28 37 0
-16 -12 -36 0
42 21 10 0
-19 -49 45 0
-36 -45 38 0
3 16 -44 0
-6 -46 -13 0
-36 -10 -37 0
-38 -19 12 0
38 -20 16 0
-26 -16 5 0
18 23 -35 0
32 -36 19 0
19 -11 -1 0
-1 -32 -6 0
-13 47 46 0
-16 14 45 0
-47 11 30 0
9 -4 26 0
1 22 32 0
33 16 10 0
-46 -44 27 0
4 -11 -15 0
-29 -45 -20 0
-10 -16 -21 0
17 10 -14 0
49 -13 -3 0
-18 -24 25 0
-34 -2 -18 0
7 12 -33 0
10 15 29 0
-46 -31 -35 0
-29 8 36 0
-50 -43 17 0
33 2 -35 0
-13 9 -11 0
35 -33 -20 0
-38 32 -41 0
-44 37 39 0
7 -12 44 0
12 -13 17 0
1 38 6 0
-39 12 -46 0
-42 4 -7 0
16 29 33 0
6 -15 -44 0
-29 -23 -28 0
-17 -25 5 0
-15 -18 -40 0
-31 -8 6 0
-35 36 -26 0
-18 -11 24 0
-8 40 -30 0
21 -49 -41 0
48 16 -28 0
12 6 -37 0
37 28 -35 0
-8 39 -23 0
33 18 -29 0
7 -30 -43 0
18 50 -40 0
-9 -21 44 0
23 -20 48 0
-2 -32 -43 0
-45 18 -10 0
42 35 16 0
26 49 -28 0
-21 -26 -9 0
1 -17 8 0
-27 8 29 0
-27 24 -6 0
30 46 -14 0
44 -27 29 0
18 14 -8 0
34 -27 46 0
33 35 1 0
-40 -1 -24 0
-40 -30 29 0
-29 -16 -24 0
-46 -27 47 0
-14 23 19 0
30 7 22 0
-48 28 24 0
24 14 21 0
1 21 -36 0
27 13 6 0
13 31 43 0
-15 -3 -50 0
-32 11 13 0
-30 -18 -27 0
-10 26 -46 0
-23 -28 -1 0
-28 15 8 0
28 -24 37 0
46 44 -10 0
-50 48 43 0
41 -36 15 0
2 -18 -27 0
44 -6 -43 0
-39 -43 -48 0
48 -33 -31 0
-41 6 19 0
-15 -20 3 0
-32 -42 5 0
40 5 43 0
