c instance by G2
c solution = 1001001111011100011100001101000111110101
c Known solution cost is 9377 
p cnf 40 120
w 666 837 485 372 468 509 319 659 294 60 993 204 614 131 938 423 170 244 411 271 706 291 851 514 715 134 262 447 41 95 624 390 330 738 641 987 895 452 854 298
21 10 -33 0
1 31 12 0
-7 15 13 0
-32 25 39 0
7 29 12 0
-1 14 -7 0
-34 37 8 0
12 -14 -38 0
-4 6 32 0
25 26 3 0
-30 4 -36 0
19 -20 23 0
29 13 27 0
28 36 38 0
1 -40 19 0
32 -3 17 0
24 -15 -14 0
-14 7 2 0
24 -17 2 0
-21 33 22 0
-9 14 -18 0
-14 1 -25 0
4 -18 -6 0
24 -36 -21 0
32 -16 2 0
28 -29 -39 0
23 -25 40 0
-12 4 37 0
29 9 23 0
-13 -5 -19 0
40 -20 37 0
22 -40 -37 0
7 -5 -12 0
-2 11 -14 0
23 39 -3 0
14 11 -22 0
25 14 -1 0
-3 7 23 0
21 -9 -6 0
-8 26 -25 0
29 -11 7 0
33 2 -20 0
-27 16 29 0
-29 27 -10 0
-39 17 -13 0
19 -26 -38 0
-17 27 -21 0
-6 -15 18 0
26 -37 -33 0
6 25 24 0
-32 -22 -26 0
-25 -16 -37 0
-30 -3 38 0
-34 -19 36 0
6 40 1 0
-27 38 -19 0
-22 -13 18 0
31 14 27 0
-16 -1 29 0
-10 16 18 0
-36 -16 -38 0
-18 -40 -6 0
-8 -23 -27 0
-23 -30 15 0
-14 15 -24 0
-31 -25 14 0
-18 -24 16 0
-31 -1 -6 0
-25 -34 -39 0
11 20 27 0
8 7 -15 0
-29 22 -26 0
27 -3 -14 0
3 6 -2 0
-2 30 32 0
30 15 -24 0
18 22 -10 0
-11 4 23 0
-35 38 -10 0
-30 36 17 0
40 -20 -9 0
16 -24 25 0
11 30 -5 0
30 20 -39 0
-15 -40 34 0
37 39 18 0
39 16 -30 0
29 39 -23 0
-22 36 16 0
-16 -21 5 0
-6 27 38 0
37 12 -28 0
-6 9 -34 0
17 -35 -39 0
-21 -6 -33 0
23 -18 -27 0
39 35 -38 0
3 -31 -7 0
-34 -20 40 0
-29 -10 33 0
-32 23 38 0
-3 17 8 0
-8 20 -38 0
14 11 29 0
38 -20 -9 0
14 24 -20 0
-12 -36 26 0
14 8 -25 0
8 9 -35 0
24 -18 -11 0
38 36 -31 0
24 -16 -33 0
39 16 28 0
34 17 -1 0
-38 -1 -5 0
-4 7 -10 0
-31 -35 40 0
-8 30 -17 0
-22 -11 33 0
-6 -33 -30 0
