c instance by G2
c solution = 100100111101110001110000110100011111010110101101000000110000101111100100011110111100100110100010101100100011101100000000
c Known solution cost is 28593 
p cnf 120 360
w 954 762 65 770 691 265 689 902 272 394 712 272 61 313 426 730 335 758 49 205 430 14 463 561 266 150 14 696 90 833 660 86 107 286 589 875 188 688 363 288 783 127 109 677 550 727 805 479 213 319 949 946 612 779 701 595 107 220 314 453 957 300 54 74 271 573 677 605 611 658 60 571 219 571 83 306 169 853 484 550 863 656 973 439 913 734 706 644 759 416 373 220 864 23 372 182 528 927 517 964 99 5 401 951 865 351 263 408 461 330 803 627 199 162 470 455 223 778 352 513
-19 -78 71 0
13 114 42 0
-8 29 56 0
-26 70 113 0
67 -18 -88 0
71 -11 -74 0
-70 63 -25 0
-109 -105 -116 0
-14 89 -107 0
89 -97 -20 0
-20 70 117 0
36 114 -60 0
-98 -33 -65 0
59 6 -58 0
45 -55 -79 0
110 32 -3 0
-37 63 104 0
77 -23 7 0
21 -55 -83 0
55 -104 37 0
14 -53 110 0
-110 -37 64 0
95 -70 -77 0
-21 -13 -31 0
-88 51 -27 0
92 18 -22 0
91 23 -84 0
-64 24 -27 0
32 68 -26 0
-115 -74 5 0
-109 46 22 0
111 -72 104 0
-58 117 -109 0
-100 49 81 0
-1 -6 -71 0
-41 -76 88 0
79 58 -70 0
105 -46 -54 0
85 -1 -26 0
91 29 -70 0
67 41 7 0
116 38 -13 0
98 71 -37 0
-116 -41 -75 0
-54 -49 -104 0
73 67 101 0
53 -106 2 0
36 74 -25 0
-37 -38 92 0
104 27 -113 0
45 -76 -4 0
99 -25 -89 0
76 17 110 0
-51 -77 -106 0
111 -46 68 0
60 -39 -46 0
-3 78 -44 0
-98 -46 94 0
-101 -74 -54 0
52 71 1 0
-23 18 8 0
-94 -10 29 0
-88 28 39 0
33 50 -116 0
-4 -101 55 0
-101 -50 58 0
44 103 6 0
-80 -86 14 0
49 -75 38 0
-118 -42 -68 0
54 -98 -14 0
29 103 21 0
17 8 40 0
-115 40 -119 0
68 -60 43 0
-47 -9 116 0
28 3 -37 0
-76 106 -6 0
104 -48 -84 0
-40 74 54 0
78 81 49 0
106 104 -58 0
39 -62 -120 0
40 50 115 0
107 118 4 0
-21 45 -63 0
27 55 -77 0
83 -60 -1 0
-86 -34 -40 0
-79 -16 -56 0
-63 11 100 0
114 91 22 0
-88 64 -71 0
-72 83 57 0
120 67 11 0
26 -51 116 0
-11 4 -51 0
-104 100 96 0
69 12 105 0
-28 70 -116 0
59 -20 4 0
70 26 -95 0
19 62 68 0
-31 117 -75 0
-66 -78 87 0
86 -82 -72 0
47 -50 -77 0
-110 -3 38 0
63 -8 38 0
39 -42 31 0
-27 -15 108 0
7 110 112 0
2 -46 -53 0
8 -25 -93 0
-58 99 -69 0
-97 -69 -1 0
-104 94 -7 0
68 -48 -23 0
83 9 -79 0
60 -50 59 0
-29 52 -111 0
-69 -28 3 0
-29 -79 -66 0
-85 11 40 0
-40 -39 -27 0
-106 -107 -26 0
44 -116 -46 0
11 103 49 0
-34 58 -42 0
103 63 13 0
-25 -24 -76 0
54 -94 -92 0
36 85 5 0
14 -7 95 0
3 54 40 0
42 35 29 0
52 -108 -54 0
53 -49 -18 0
-66 -117 -12 0
115 37 -96 0
-118 -47 8 0
-108 -68 6 0
-109 104 -22 0
-18 54 -105 0
66 29 -19 0
116 109 -28 0
50 91 24 0
30 -20 45 0
-100 117 65 0
12 -28 19 0
56 -63 3 0
65 39 -111 0
27 -84 -19 0
-74 -118 62 0
80 15 71 0
120 -66 -105 0
87 -90 -16 0
-5 76 -103 0
90 -110 -7 0
101 -112 -102 0
72 -7 43 0
-88 53 -62 0
107 -5 -48 0
105 -33 -44 0
112 39 -28 0
-47 17 -80 0
-45 -52 -89 0
-103 -116 -61 0
-87 30 -61 0
85 29 74 0
31 12 -86 0
-19 -59 -36 0
-102 90 -99 0
94 -2 -45 0
88 -120 47 0
104 100 34 0
114 59 -118 0
-41 43 119 0
-96 -118 40 0
92 18 21 0
-93 18 -22 0
-120 99 -94 0
-114 117 -95 0
-16 -117 11 0
-49 29 -16 0
58 4 -81 0
-35 102 33 0
-66 73 103 0
-30 15 47 0
68 27 88 0
-68 -75 30 0
2 -74 77 0
-81 -65 61 0
-56 -105 119 0
22 -6 44 0
-12 -45 36 0
76 56 69 0
101 -24 55 0
-53 6 39 0
-1 -89 -49 0
58 -99 -49 0
62 14 52 0
14 -103 -20 0
64 -56 -72 0
-107 102 82 0
105 -17 110 0
79 -26 72 0
-68 -85 -99 0
-11 -80 -99 0
81 1 68 0
-17 2 11 0
-97 75 -38 0
107 -101 81 0
40 -64 55 0
-14 -109 -72 0
43 92 -9 0
39 84 -83 0
-69 -1 31 0
48 51 -54 0
-77 -113 29 0
-55 -118 -56 0
-56 49 -30 0
-32 108 59 0
-90 67 62 0
106 43 95 0
109 48 34 0
-43 -114 52 0
108 -64 106 0
115 83 -15 0
-36 45 51 0
-50 119 110 0
113 100 23 0
-116 117 -10 0
-52 -14 -100 0
-21 5 50 0
29 66 -54 0
30 -58 -107 0
20 -28 -13 0
42 23 45 0
-19 77 27 0
-33 -17 104 0
-70 15 -27 0
-96 -33 -116 0
-16 -87 40 0
38 -10 98 0
-104 113 -35 0
-92 57 53 0
-11 73 68 0
-26 -25 12 0
107 -41 87 0
10 -80 87 0
37 -71 2 0
-115 58 -93 0
-77 37 66 0
118 -59 78 0
-115 58 75 0
-28 -109 -31 0
-71 72 66 0
20 -65 78 0
97 -67 -21 0
15 -104 23 0
-77 91 -96 0
116 -31 -12 0
-78 -82 -59 0
-20 -89 8 0
-64 -3 -77 0
15 -87 102 0
33 -103 -82 0
119 31 43 0
68 69 7 0
-95 17 -94 0
14 13 -51 0
74 -26 -86 0
-100 -89 -73 0
-46 -113 -8 0
-100 -79 -50 0
-41 117 40 0
9 10 62 0
-37 15 -78 0
-43 -13 26 0
62 -66 -115 0
-78 87 111 0
-26 90 -51 0
54 -81 -22 0
92 -69 -50 0
-24 -8 -105 0
8 -45 -20 0
64 105 -18 0
10 -42 -92 0
-66 -69 -113 0
74 113 58 0
-67 105 111 0
-90 -61 -77 0
-75 -22 74 0
70 -45 31 0
97 94 -60 0
-18 -16 -46 0
69 -117 -7 0
-72 25 -67 0
29 71 -120 0
65 114 -35 0
103 -50 23 0
-44 96 -6 0
71 -119 -91 0
-117 12 -29 0
-109 49 -21 0
20 107 70 0
100 -78 -7 0
-48 -14 -119 0
-35 -92 41 0
120 -50 114 0
57 -75 48 0
6 24 41 0
-55 18 -101 0
-41 -119 38 0
-32 -57 42 0
-2 -9 66 0
91 -102 -65 0
-113 -70 -38 0
-100 23 97 0
-96 -10 -20 0
-61 85 24 0
106 96 -114 0
-12 -29 58 0
13 -75 -61 0
79 -83 47 0
94 -64 -93 0
39 -54 -90 0
-100 -78 -35 0
34 102 98 0
80 1 -27 0
16 29 -98 0
-18 -33 1 0
-34 -53 -22 0
-12 71 76 0
-21 -96 -33 0
119 -2 25 0
27 -108 -110 0
47 -55 -98 0
-80 -111 75 0
-92 62 60 0
-59 68 -85 0
-91 -99 -60 0
-101 -82 105 0
25 58 54 0
104 -73 -112 0
38 113 -74 0
-83 97 41 0
67 -23 -43 0
-5 83 -1 0
-91 87 32 0
66 -82 72 0
18 -46 -90 0
-49 -32 -91 0
112 -76 117 0
107 94 -52 0
-64 -75 32 0
120 103 -9 0
16 -85 -39 0
96 -10 -83 0
