c instance by G2
c solution = 100100111101110001110000110100011111010110101101000000110000101111100100011110111100100110100010101100100011101100000000101111011000100001110001011000
c Known solution cost is 33948 
p cnf 150 450
w 8 637 958 208 600 5 525 491 169 21 978 818 257 733 534 472 907 43 488 976 273 526 388 342 46 761 330 485 216 364 807 252 927 843 576 35 695 230 704 851 445 517 516 770 511 362 615 38 46 684 856 814 445 792 866 570 822 272 802 393 682 208 579 11 96 40 908 958 431 895 689 699 327 236 833 201 299 266 808 254 888 719 61 674 689 712 166 499 981 811 681 70 276 323 262 541 260 879 45 476 298 345 289 446 976 152 997 632 116 825 837 177 414 311 845 288 880 521 305 308 279 390 51 89 533 877 698 653 646 691 218 473 46 894 327 337 968 929 43 817 576 818 777 734 628 26 784 48 64 584
71 -26 -17 0
129 61 70 0
148 -16 84 0
85 -133 -73 0
-137 -113 59 0
-85 28 -123 0
-146 -14 -105 0
-64 3 -120 0
-26 147 -40 0
-31 -119 -49 0
39 88 -29 0
79 88 -70 0
114 -94 -92 0
38 -100 98 0
5 -106 -45 0
-76 -100 14 0
-62 108 89 0
-143 -20 134 0
-61 -132 105 0
-46 -150 3 0
34 57 -130 0
-29 68 -145 0
-67 -68 -33 0
-80 -147 25 0
144 149 -148 0
127 -55 80 0
115 113 100 0
-28 -77 8 0
29 -115 -4 0
-22 -57 -143 0
47 -5 -128 0
-84 -68 -45 0
16 26 99 0
-78 -76 -136 0
72 -127 13 0
18 79 77 0
74 -76 123 0
-40 -39 -87 0
-143 -95 -137 0
-126 -27 -72 0
-143 18 98 0
89 117 69 0
-34 -113 -112 0
-24 -139 -44 0
16 147 130 0
89 13 81 0
77 124 -142 0
36 134 -145 0
-6 135 141 0
-121 27 -135 0
124 -99 -140 0
-46 -147 70 0
148 -106 -66 0
13 3 133 0
-43 -53 105 0
80 66 -89 0
149 133 -36 0
46 16 29 0
-71 -76 88 0
-72 -108 -41 0
30 -50 45 0
94 146 83 0
136 52 121 0
-98 2 -13 0
52 32 137 0
-110 86 -61 0
70 146 -65 0
92 -36 -145 0
-138 -22 -149 0
-58 87 -109 0
84 10 27 0
126 149 -79 0
79 -45 68 0
-65 135 -39 0
-13 26 21 0
-20 15 55 0
50 -5 48 0
-137 -76 130 0
44 133 66 0
-87 -45 78 0
143 49 138 0
77 -94 -63 0
-33 -117 44 0
-18 114 -15 0
-123 -92 -32 0
109 -146 45 0
58 99 132 0
-100 49 81 0
-44 127 78 0
134 -90 44 0
-134 130 96 0
-35 135 128 0
110 -62 -21 0
-8 -73 5 0
78 -29 113 0
94 142 -141 0
110 1 -117 0
-83 37 11 0
145 97 -96 0
137 118 64 0
-97 3 74 0
-116 148 -41 0
-33 76 86 0
-130 15 -57 0
119 -132 42 0
-1 6 55 0
-139 -60 -7 0
37 -7 -141 0
107 -82 78 0
-145 58 135 0
150 103 -69 0
32 -108 120 0
124 -116 -12 0
86 48 -71 0
-74 -58 119 0
132 -58 -77 0
-57 -20 142 0
-13 8 -18 0
-65 -45 -31 0
-59 134 4 0
16 -148 -140 0
132 -102 -82 0
-112 126 50 0
-107 7 90 0
-100 99 24 0
-131 -29 68 0
147 144 -78 0
-66 73 91 0
71 46 -139 0
137 -110 -107 0
83 32 23 0
-139 109 -141 0
43 104 -70 0
134 -137 42 0
20 -88 -90 0
-78 117 111 0
-36 -41 18 0
-8 60 -86 0
87 -60 -16 0
12 25 -74 0
31 104 40 0
74 13 -141 0
-108 -3 -77 0
-113 6 99 0
-26 -95 -57 0
74 -143 110 0
-133 107 -99 0
-25 -67 12 0
123 -64 -45 0
-1 -96 -131 0
16 133 35 0
131 -144 55 0
79 -109 127 0
31 132 -86 0
16 77 80 0
-101 133 68 0
35 120 106 0
108 -32 39 0
21 -87 106 0
-69 51 -111 0
41 -22 -102 0
71 -21 -26 0
-46 122 -135 0
4 -99 -140 0
-109 -135 -26 0
-76 -107 43 0
-99 136 36 0
130 -18 -37 0
-1 -142 74 0
-113 -130 -68 0
-85 149 63 0
116 33 -100 0
88 33 -7 0
-28 -52 -33 0
-118 -77 54 0
109 -46 -41 0
89 23 39 0
144 -68 -74 0
148 -141 -27 0
53 38 -146 0
47 20 -10 0
-30 97 62 0
33 116 -38 0
-25 28 69 0
-94 -1 101 0
78 -4 -142 0
150 104 -84 0
131 13 79 0
13 -110 143 0
6 -52 102 0
47 33 118 0
-51 -96 -93 0
129 135 132 0
67 124 -120 0
-71 -20 58 0
-79 -59 -46 0
-20 -127 124 0
88 -90 77 0
-45 -52 -119 0
-58 129 -69 0
-48 66 86 0
-20 -116 14 0
-146 -63 82 0
90 54 -73 0
-16 98 -76 0
-103 41 -99 0
143 98 66 0
56 98 -133 0
58 -29 108 0
-24 -67 110 0
84 -51 -52 0
-130 147 35 0
-24 87 -95 0
-97 135 -78 0
-2 -99 96 0
90 147 -125 0
101 95 -108 0
-12 -29 58 0
-81 -70 -49 0
-43 73 133 0
40 115 -50 0
-65 -116 50 0
75 142 45 0
119 -32 85 0
-63 -126 -72 0
83 27 63 0
-128 -135 30 0
-80 -81 75 0
126 -100 -143 0
-77 91 -36 0
47 -11 111 0
34 79 -95 0
80 -115 -33 0
110 -44 -101 0
43 24 12 0
138 51 -54 0
-60 -139 126 0
104 136 1 0
51 -42 104 0
-21 -13 -31 0
102 83 45 0
-21 135 -33 0
147 -24 -109 0
-101 117 10 0
79 108 4 0
-138 -38 66 0
-37 -38 32 0
-12 97 -55 0
-108 -133 -149 0
-78 -13 -138 0
-11 4 -21 0
-8 -11 99 0
47 150 -134 0
-4 -101 115 0
77 137 -105 0
129 -24 -150 0
-11 78 60 0
50 130 -22 0
131 -76 48 0
40 -34 85 0
34 92 -91 0
45 -13 104 0
37 56 -36 0
-5 76 -133 0
54 -119 -56 0
-80 -121 -2 0
-44 59 -77 0
-71 39 52 0
9 136 -56 0
-45 -112 74 0
-82 -94 -34 0
117 103 -133 0
-104 -49 -132 0
72 -28 139 0
-48 -93 31 0
19 -4 -20 0
126 114 -90 0
-6 -93 -146 0
136 39 77 0
-126 136 -145 0
65 83 -109 0
13 -30 42 0
98 32 107 0
-36 -129 -23 0
-109 -145 -8 0
78 140 65 0
74 -100 42 0
37 -23 -73 0
41 -59 -121 0
92 -139 -127 0
17 13 -95 0
24 -40 -114 0
-124 -15 2 0
59 -110 4 0
127 41 67 0
48 -16 -60 0
-83 -14 3 0
134 -97 95 0
22 127 140 0
-121 -50 -108 0
83 -120 -121 0
67 -76 92 0
-131 12 6 0
37 42 -113 0
122 -44 137 0
123 -3 -126 0
93 -98 128 0
-112 70 -20 0
-61 -87 -21 0
-11 13 149 0
42 128 86 0
-68 -129 -54 0
-126 -58 40 0
-140 -131 87 0
-115 10 -149 0
-142 -109 -148 0
129 -122 -120 0
-43 -116 -121 0
88 134 -100 0
22 68 -27 0
107 -143 127 0
127 -42 -133 0
113 -38 -16 0
61 29 -10 0
-42 85 -7 0
-33 -46 -6 0
-19 85 -50 0
-102 135 -67 0
-41 -134 -114 0
53 -23 17 0
-120 9 -4 0
111 17 15 0
90 -88 -137 0
-85 -122 -32 0
23 -136 62 0
140 31 24 0
-139 -2 -31 0
80 25 76 0
119 61 13 0
97 38 -12 0
45 -46 -144 0
90 14 -65 0
133 -111 95 0
146 -38 -55 0
71 -50 -130 0
-82 -55 -54 0
128 8 -42 0
12 -2 -139 0
100 -12 -2 0
14 70 4 0
-58 131 -64 0
81 -99 -146 0
-141 -116 -2 0
-37 127 72 0
-101 -131 -87 0
-111 -139 -15 0
-127 15 51 0
76 131 -35 0
-118 -132 -8 0
61 -10 149 0
98 148 -30 0
-92 132 29 0
-148 4 -11 0
-120 15 77 0
-13 -43 7 0
-87 72 -59 0
2 48 -82 0
-69 -116 10 0
-57 3 -118 0
25 -14 127 0
56 -59 -96 0
139 3 -1 0
-81 -77 -106 0
144 -10 39 0
116 19 39 0
135 -16 -4 0
52 -123 -62 0
-93 117 -14 0
10 140 55 0
103 67 11 0
-118 -44 39 0
-44 94 -127 0
7 20 52 0
-34 118 -72 0
-41 -125 -104 0
6 55 95 0
137 -115 -68 0
112 31 -109 0
-136 115 -107 0
-147 -97 64 0
114 74 11 0
26 -21 86 0
-50 130 57 0
-7 -39 -31 0
119 126 -144 0
23 -149 119 0
-147 9 83 0
9 -105 -48 0
71 67 139 0
-112 125 24 0
-110 -149 128 0
86 -1 -132 0
128 -90 43 0
28 -123 26 0
-8 79 -23 0
3 54 70 0
4 -9 -36 0
22 19 148 0
-8 -136 34 0
69 100 32 0
-95 -2 131 0
-130 -20 -74 0
33 -85 -65 0
130 53 -96 0
-93 78 -74 0
111 1 38 0
-124 42 -27 0
23 85 105 0
-93 48 -22 0
47 -5 -78 0
-43 148 -47 0
8 -115 -3 0
-146 1 114 0
139 78 38 0
-39 -127 25 0
-129 82 145 0
-104 66 -6 0
130 65 62 0
69 144 -143 0
17 68 100 0
2 74 112 0
-80 -143 79 0
46 59 -38 0
-117 68 37 0
56 -82 -42 0
-64 84 -27 0
-118 10 -146 0
-119 108 127 0
-51 -25 6 0
62 -132 -127 0
-16 -23 -128 0
-100 114 75 0
-29 -79 -66 0
-118 -12 129 0
-29 -31 -13 0
140 -57 5 0
14 -56 -46 0
23 96 -101 0
19 -113 47 0
31 8 -13 0
