c instance by G2
c solution = 10010011110111000111000011010001111101011010110100000011000010111110010001111011
c Known solution cost is 22572 
p cnf 80 240
w 524 167 354 932 991 944 667 334 463 5 474 744 178 637 606 298 490 441 489 127 843 801 471 942 103 524 808 868 149 279 535 654 725 780 369 243 339 879 692 939 360 767 934 469 840 619 509 866 545 660 532 679 275 981 969 113 783 380 16 315 163 483 627 559 838 96 245 145 726 310 124 412 873 821 711 692 542 828 256 386
-59 -15 -40 0
49 56 50 0
74 -65 52 0
65 -67 53 0
-67 -8 -23 0
42 51 20 0
-49 -73 -8 0
-79 -27 -68 0
-79 -70 8 0
79 70 66 0
-39 38 -74 0
43 15 31 0
-44 -19 39 0
14 -52 -77 0
-49 2 -67 0
-9 -53 -32 0
-19 78 36 0
-39 -46 -55 0
-24 15 57 0
12 -6 49 0
-30 -47 -18 0
70 -36 32 0
-50 -56 -61 0
-76 -17 27 0
-46 -13 33 0
-1 7 -43 0
62 -57 -7 0
58 -62 33 0
54 -47 69 0
3 -16 -18 0
-32 64 -57 0
54 1 -10 0
6 79 -56 0
47 71 -54 0
-36 78 -47 0
78 -44 47 0
-47 -7 -13 0
-60 54 -35 0
-49 -9 5 0
-78 40 -20 0
-56 -6 -64 0
18 -29 -10 0
73 -68 -80 0
-67 31 14 0
-64 15 -59 0
-44 -12 -48 0
-39 79 52 0
-65 14 -77 0
-65 13 22 0
-58 -27 52 0
4 -27 80 0
26 -46 27 0
-69 -10 39 0
-55 -4 -15 0
-3 -10 22 0
-16 -72 -26 0
73 80 50 0
-38 -72 -76 0
-5 -8 69 0
-33 5 79 0
-5 -43 47 0
15 -67 74 0
-18 -62 6 0
1 -67 38 0
18 -26 -46 0
66 -5 80 0
-32 -62 3 0
-1 -22 -11 0
73 11 -31 0
19 -69 73 0
-2 -72 25 0
28 -45 -44 0
20 74 -43 0
-14 40 54 0
-26 -6 50 0
60 3 65 0
47 50 -51 0
-65 -53 -20 0
45 -23 -70 0
-78 22 -12 0
-78 12 -21 0
-5 31 21 0
-24 63 79 0
-63 12 24 0
79 -71 -41 0
2 -38 43 0
53 -32 -42 0
12 65 66 0
77 40 -64 0
67 70 60 0
-24 77 79 0
-48 19 11 0
-58 10 -80 0
58 -13 -50 0
-71 -12 -36 0
4 -3 7 0
-41 -28 66 0
12 57 -69 0
-7 48 9 0
-62 -40 20 0
54 -60 -64 0
-35 30 55 0
54 -18 70 0
46 -78 10 0
-11 -74 54 0
-68 -9 60 0
-10 17 67 0
25 -61 -28 0
-60 45 -31 0
-27 -61 42 0
-53 -22 76 0
26 52 -48 0
74 -55 42 0
-36 -46 -73 0
78 -9 77 0
80 -39 71 0
63 -4 31 0
-78 47 -45 0
-48 -50 -80 0
60 23 36 0
76 42 -45 0
9 -61 -67 0
-74 58 -78 0
41 -19 72 0
14 80 74 0
-37 24 -16 0
69 74 43 0
56 69 -68 0
38 44 -18 0
38 -53 -41 0
-6 -71 -25 0
-10 63 67 0
77 -69 62 0
-53 -13 79 0
-50 18 43 0
8 34 80 0
8 80 -20 0
57 41 31 0
-78 71 -31 0
-75 77 62 0
4 -48 3 0
77 25 14 0
67 21 50 0
-73 29 -51 0
-66 -35 38 0
55 47 69 0
50 35 63 0
-18 -14 55 0
-29 -73 -18 0
42 -13 -5 0
-6 -36 72 0
51 23 45 0
-55 28 64 0
-13 17 55 0
72 66 -37 0
74 54 11 0
51 -43 -37 0
58 -21 -46 0
24 -71 -75 0
-14 20 -28 0
-7 55 30 0
11 24 -78 0
-61 1 -80 0
59 75 42 0
63 -65 -13 0
-12 -57 21 0
70 37 52 0
28 -67 -63 0
69 -14 -39 0
-24 -34 -56 0
37 -55 38 0
23 6 40 0
51 -30 -56 0
-39 -11 44 0
46 -33 -45 0
-37 51 70 0
5 51 61 0
-27 -64 -56 0
-73 -8 -1 0
-50 -43 47 0
-76 77 -75 0
-52 -18 37 0
-12 -49 54 0
-23 -35 -9 0
-3 7 16 0
-80 10 -26 0
32 21 3 0
-34 52 -30 0
34 71 21 0
60 4 -64 0
-49 8 47 0
58 -70 36 0
-59 -33 -25 0
33 68 -29 0
29 -30 4 0
-46 54 25 0
-49 -14 -60 0
58 -17 -4 0
-23 7 79 0
-23 -26 -25 0
-2 -12 -40 0
12 -29 19 0
16 69 13 0
27 43 6 0
59 -54 56 0
-58 59 -36 0
18 56 -78 0
-46 54 8 0
-22 -25 -16 0
16 35 73 0
32 -3 57 0
61 68 -35 0
-52 41 23 0
-20 50 -71 0
-50 19 30 0
-78 -47 57 0
51 -80 48 0
-77 -2 50 0
-66 -22 29 0
-35 3 -37 0
31 -45 9 0
-42 32 -2 0
11 -54 -61 0
73 -29 37 0
-49 -64 43 0
-68 39 -18 0
16 -28 -69 0
58 -62 41 0
-52 -22 -53 0
23 -42 70 0
-46 -14 67 0
36 -32 -13 0
-47 80 12 0
-26 11 64 0
-65 -11 -77 0
41 68 76 0
-21 -77 3 0
-49 66 25 0
53 -73 60 0
-2 65 -76 0
