c instance by G2
c solution = 0111101000110111101001110010010000010011
c Known solution cost is 12570 
p cnf 40 120
w 202 815 905 35 525 247 808 474 705 321 880 238 337 560 452 874 53 823 953 766 574 705 749 645 722 827 614 885 177 803 369 499 822 492 837 823 831 19 780 353
-32 -3 -14 0
-40 33 12 0
9 17 8 0
-37 8 -18 0
21 5 28 0
-17 -18 -16 0
15 -39 20 0
-32 29 -27 0
-25 38 20 0
37 7 10 0
19 8 28 0
-39 -22 16 0
31 9 -6 0
-28 30 11 0
2 37 -39 0
-2 29 3 0
9 30 36 0
10 -20 -24 0
-29 -18 33 0
39 -31 35 0
-39 8 24 0
-9 26 -17 0
31 -24 23 0
-21 -27 28 0
-15 35 5 0
9 -10 31 0
-29 -11 5 0
-16 -6 -12 0
1 3 -10 0
-17 39 -25 0
30 18 14 0
-14 33 -37 0
-30 5 19 0
-3 -25 -40 0
-26 -17 -6 0
-23 -28 29 0
37 -3 2 0
-29 28 17 0
-38 -22 26 0
34 40 19 0
21 -23 -26 0
-2 -24 39 0
-2 37 23 0
13 23 -9 0
18 -8 9 0
9 -25 -28 0
-10 6 28 0
-12 40 20 0
29 3 -1 0
22 -2 -29 0
17 -26 2 0
-31 18 -22 0
-18 -23 31 0
10 17 35 0
19 -28 32 0
9 13 22 0
4 8 -11 0
-16 36 31 0
-5 -9 32 0
-7 11 -3 0
20 24 -26 0
-30 -7 39 0
25 -33 40 0
-27 2 -29 0
-32 30 -10 0
-30 -29 31 0
-15 -32 1 0
1 13 -31 0
5 -8 -16 0
-5 -13 20 0
-33 -23 -4 0
-29 -30 -7 0
14 21 7 0
23 -10 -16 0
38 40 -8 0
3 -34 15 0
39 -30 35 0
-19 23 -15 0
-24 23 -22 0
-9 27 18 0
38 22 11 0
-14 27 38 0
25 12 33 0
14 -34 25 0
-30 -40 -1 0
19 -13 -24 0
6 7 38 0
29 20 -34 0
-19 7 -18 0
-4 2 34 0
27 -7 -28 0
-27 34 -35 0
10 -33 -13 0
19 10 -24 0
14 -4 -33 0
3 28 35 0
-25 -34 -30 0
10 -1 20 0
-1 -11 32 0
-3 6 5 0
-26 -30 -2 0
-40 -33 34 0
-6 -28 -23 0
25 24 10 0
-7 -28 -24 0
-7 10 -21 0
-20 29 1 0
-28 -1 -21 0
-26 -36 -30 0
14 -19 -16 0
2 39 -6 0
-15 -38 7 0
34 -40 36 0
27 12 28 0
30 -22 38 0
6 34 15 0
-29 1 -7 0
31 21 12 0
7 -4 32 0
39 -35 24 0
