c instance by G2
c solution = 110000110011110111000111010110010010001110010011110111000000010010111001000101000000111111
c Known solution cost is 18349 
p cnf 90 270
w 540 140 169 342 287 539 923 315 639 321 239 667 179 141 304 759 686 95 658 173 466 36 493 586 153 410 188 298 419 331 236 663 44 353 832 863 269 741 432 530 434 319 77 34 190 599 856 325 60 865 526 285 118 104 424 976 493 954 613 224 525 729 820 809 374 717 236 341 117 538 240 843 599 129 486 647 335 246 918 948 214 961 60 496 10 540 227 202 674 699
-47 -73 32 0
-78 -12 -4 0
60 9 72 0
-42 55 47 0
-74 -53 -5 0
-88 -81 -46 0
60 -68 -27 0
-11 4 28 0
24 12 -39 0
2 60 -18 0
54 38 36 0
-35 -10 76 0
-14 87 -17 0
16 -78 -3 0
-11 57 -59 0
85 -86 -34 0
-89 70 44 0
-49 -12 -3 0
-20 -34 3 0
-36 -50 -62 0
-24 -63 -55 0
-15 -4 -11 0
-71 33 -25 0
65 -32 61 0
62 -59 39 0
-87 -33 -42 0
41 -59 82 0
27 14 30 0
86 -83 -32 0
15 64 -77 0
-13 -69 -61 0
-49 86 -44 0
66 89 83 0
36 12 72 0
60 -18 -42 0
72 -68 -65 0
12 64 58 0
-57 34 -85 0
-28 89 9 0
-51 27 -24 0
27 73 -42 0
79 -88 2 0
-88 -50 35 0
58 -84 -28 0
-38 -15 80 0
35 21 63 0
-21 4 51 0
14 76 -4 0
37 57 13 0
-82 -79 -33 0
-45 37 82 0
6 39 5 0
79 32 -9 0
-79 38 37 0
9 -81 64 0
61 -44 -42 0
4 -63 89 0
28 45 -7 0
-54 8 22 0
31 -6 -41 0
23 27 -61 0
15 -38 -28 0
-5 -11 81 0
-65 76 -13 0
-56 71 -67 0
-53 -60 -85 0
-63 80 -6 0
5 -67 -71 0
26 22 -47 0
-44 -17 22 0
56 -7 -73 0
-46 24 10 0
4 -55 -87 0
7 9 -45 0
-13 69 -29 0
-90 -35 -79 0
-35 66 -10 0
-65 -50 29 0
44 80 -52 0
-20 83 -39 0
-29 -37 31 0
57 -6 -55 0
-51 -61 -64 0
54 73 -88 0
62 59 -24 0
72 52 -29 0
-88 -19 42 0
1 -56 -15 0
-22 53 33 0
-89 78 -66 0
-14 -22 -81 0
13 56 -89 0
-10 -30 -26 0
10 83 40 0
-80 10 46 0
48 -64 1 0
55 -34 22 0
-28 83 -27 0
-87 41 86 0
-52 -38 -25 0
22 -63 79 0
-63 65 60 0
-37 12 42 0
-25 24 -14 0
-69 52 61 0
38 58 -45 0
-25 -51 81 0
-64 84 6 0
-47 28 68 0
50 66 9 0
-44 90 -8 0
52 72 -25 0
-78 -76 88 0
24 -74 36 0
16 -49 21 0
-19 -89 6 0
-14 30 18 0
87 60 -88 0
73 9 14 0
-5 70 45 0
-37 55 -5 0
56 -22 -10 0
21 -65 -33 0
-72 -68 1 0
49 73 -13 0
-71 63 17 0
-80 52 -61 0
64 54 87 0
25 40 78 0
13 15 20 0
74 15 -34 0
41 -47 -39 0
-1 42 -80 0
3 24 81 0
-68 -87 -9 0
-4 45 44 0
-69 -35 26 0
-49 -32 16 0
-73 -52 71 0
-84 -48 51 0
31 -33 -81 0
-86 46 -30 0
31 71 86 0
-70 -53 77 0
-9 -19 -38 0
-86 -37 -78 0
11 -83 -79 0
49 16 40 0
-62 63 24 0
36 -70 -44 0
-17 25 18 0
60 22 72 0
62 -40 77 0
71 74 -34 0
71 -75 61 0
70 -33 -23 0
-55 65 -73 0
-31 3 -16 0
21 87 -18 0
-44 80 -74 0
-63 -74 -5 0
58 16 -89 0
46 82 -81 0
-14 34 -51 0
-27 -3 11 0
-33 9 -8 0
-6 -8 63 0
-22 14 71 0
22 84 71 0
86 -16 60 0
77 17 6 0
29 -61 -51 0
90 -86 31 0
47 -75 -9 0
-69 -15 64 0
66 -59 -73 0
8 -23 -32 0
4 -63 -14 0
-57 -30 75 0
-19 -23 -16 0
-64 -24 5 0
-22 -2 14 0
-73 -16 -89 0
74 88 19 0
-59 50 -47 0
-59 -24 -78 0
-39 53 66 0
-89 -3 63 0
-16 30 85 0
49 20 41 0
33 -51 -75 0
51 68 -86 0
45 -15 55 0
-38 36 48 0
67 -2 33 0
57 6 48 0
-12 -34 -49 0
6 -4 11 0
37 20 7 0
-77 -2 80 0
47 46 57 0
-77 3 48 0
-44 78 -48 0
-41 2 -8 0
-36 54 -43 0
50 -62 -1 0
66 10 17 0
-61 14 -17 0
-74 -60 40 0
72 -59 -83 0
64 16 -2 0
44 -23 -19 0
-22 -61 36 0
-40 17 -81 0
-64 -67 19 0
80 56 12 0
48 78 -39 0
-43 -41 -88 0
-70 -49 -63 0
12 -51 66 0
-69 5 -74 0
-23 -77 46 0
10 -84 3 0
-6 38 40 0
31 -73 -13 0
40 -25 45 0
35 80 -76 0
88 -80 -45 0
-58 -12 -40 0
23 -24 -18 0
-22 -57 -32 0
-27 85 67 0
-16 -86 -38 0
-66 75 -76 0
68 -1 73 0
35 60 -8 0
38 -82 3 0
-68 -29 -55 0
-11 -39 53 0
-40 24 90 0
59 -83 21 0
74 -4 -13 0
-86 -55 75 0
9 11 57 0
49 -23 -19 0
87 19 14 0
86 -75 -15 0
-26 -20 -24 0
18 77 25 0
-48 89 50 0
-25 -88 81 0
-24 13 44 0
-46 74 -68 0
-47 54 82 0
28 68 -40 0
-15 62 10 0
-12 -18 -3 0
57 -78 -46 0
-66 50 72 0
17 5 -70 0
29 22 -20 0
4 -81 -13 0
60 35 -82 0
61 10 -71 0
-36 -2 23 0
-59 14 89 0
-49 32 -87 0
-4 -33 2 0
-56 -48 8 0
15 -52 32 0
