c instance by G2
c solution = 01111010001101111010
c Known solution cost is 5282 
p cnf 20 60
w 241 7 979 639 890 329 52 865 577 548 95 445 557 129 263 512 762 425 509 34
15 -14 13 0
8 1 5 0
12 -7 2 0
-2 -16 -6 0
8 4 -14 0
5 6 -3 0
7 -3 10 0
-5 -13 10 0
18 -10 5 0
-18 9 17 0
9 -12 -20 0
-2 5 12 0
11 -12 -16 0
20 7 12 0
4 -10 -9 0
1 -17 3 0
19 6 -15 0
11 14 1 0
8 5 10 0
10 -15 -18 0
-9 -4 2 0
8 5 13 0
15 2 -3 0
-19 -18 8 0
7 3 -14 0
8 20 4 0
-10 -16 9 0
3 5 -8 0
11 3 -10 0
-19 -20 13 0
11 17 7 0
-16 -1 -4 0
5 10 -13 0
11 -4 -12 0
9 2 -3 0
13 -18 -3 0
17 11 -4 0
-10 -2 -4 0
-11 6 -8 0
16 -12 10 0
19 1 3 0
-16 10 -1 0
19 -6 -10 0
6 -9 -7 0
18 -2 14 0
17 -19 1 0
15 18 2 0
13 -9 -11 0
11 -17 8 0
-10 -2 17 0
4 10 -3 0
-17 12 -19 0
-6 -11 18 0
-14 19 -11 0
-12 14 20 0
13 -9 7 0
-8 -9 -18 0
15 -12 10 0
5 19 -13 0
7 14 -4 0
