c instance by G2
c solution = 011110100011011110100111001001
c Known solution cost is 6443 
p cnf 30 90
w 437 309 702 226 14 910 990 835 399 92 814 420 65 62 245 280 56 419 545 774 300 368 449 334 402 77 85 583 62 544
-23 11 -4 0
-5 4 -1 0
-24 9 -26 0
-8 7 13 0
-4 -17 -9 0
2 -19 -29 0
7 28 9 0
1 -18 -5 0
23 -22 -17 0
7 -8 4 0
-6 -10 -8 0
-13 -3 7 0
19 -25 10 0
-22 3 -29 0
20 1 -13 0
3 -19 -24 0
-20 -27 30 0
25 -27 2 0
-29 10 30 0
2 21 4 0
13 2 -7 0
-22 28 -21 0
24 -6 -1 0
-29 -9 -30 0
-15 12 28 0
13 21 23 0
-25 -5 -17 0
-13 12 -16 0
19 -27 -6 0
20 19 11 0
30 -17 -9 0
-21 5 19 0
7 -5 -4 0
25 28 14 0
22 4 -16 0
-14 -7 4 0
3 -12 29 0
-10 -21 17 0
-2 -22 3 0
-6 16 -24 0
-30 -5 -28 0
27 23 5 0
-28 -6 20 0
-30 -24 19 0
19 3 7 0
18 -16 -10 0
19 -30 1 0
26 -29 -16 0
27 8 25 0
22 26 -23 0
-18 23 -29 0
-17 -8 -19 0
2 28 -13 0
1 17 14 0
-1 20 17 0
-1 15 8 0
6 5 -17 0
17 -19 -27 0
7 30 -5 0
-14 27 -5 0
13 -1 -2 0
-5 -10 -26 0
-19 1 17 0
-28 -3 -20 0
-6 -23 -30 0
-15 -27 -1 0
22 23 -8 0
8 7 1 0
18 -8 9 0
8 -22 15 0
-28 19 6 0
-13 26 8 0
6 11 -5 0
-12 15 6 0
-5 24 -11 0
-26 -5 -11 0
18 14 -20 0
-7 29 19 0
-30 -6 -4 0
16 -4 20 0
-16 21 -8 0
-14 3 4 0
-20 -12 -30 0
23 -10 -22 0
6 18 30 0
-6 -12 -2 0
27 8 -10 0
14 -24 28 0
8 4 25 0
-4 -10 19 0
