c instance by G2
c solution = 1100001100111101110001110101100100100011100100111101110000000100101110010001010000001111111110111010
c Known solution cost is 24830 
p cnf 100 300
w 965 588 771 238 86 54 88 358 160 633 136 873 630 444 366 973 854 163 529 838 324 985 750 204 22 313 229 731 829 533 782 420 345 920 50 201 891 158 332 155 341 81 161 606 432 431 697 938 483 22 638 53 568 952 940 56 997 187 356 724 520 10 228 863 150 366 980 84 464 291 11 984 475 675 529 904 922 839 202 213 439 383 230 333 68 734 66 880 215 973 242 192 272 876 996 188 7 515 81 455
55 87 77 0
13 -87 32 0
-45 87 -93 0
12 43 56 0
8 43 -71 0
-79 18 -10 0
-64 -86 94 0
-59 -37 -70 0
-93 94 14 0
-85 -77 99 0
-78 43 8 0
-75 -59 20 0
3 -33 -34 0
23 60 42 0
86 79 96 0
-11 61 -63 0
82 -4 -43 0
-96 -84 44 0
86 68 78 0
24 50 -98 0
94 -27 44 0
-61 -8 -75 0
-68 92 64 0
33 -72 -73 0
71 32 -49 0
82 -58 -70 0
-30 -95 52 0
34 16 32 0
-83 -10 100 0
-62 7 -86 0
-58 -69 -55 0
-24 -56 -8 0
31 40 5 0
28 49 -94 0
18 -64 -45 0
96 -22 82 0
86 -92 -98 0
-79 -89 73 0
-17 98 86 0
1 -13 19 0
-3 -12 -61 0
34 -59 20 0
20 82 -3 0
81 -89 32 0
37 10 -38 0
42 25 41 0
84 -56 58 0
-70 14 93 0
21 31 40 0
14 89 32 0
-37 26 -10 0
81 -74 -6 0
87 76 -5 0
11 -17 35 0
54 78 -14 0
72 -64 -54 0
-1 -97 -37 0
-76 100 62 0
-7 11 -59 0
62 5 65 0
34 -42 94 0
93 -13 40 0
-4 74 -28 0
-79 12 54 0
-84 -88 -9 0
19 27 68 0
-39 -31 51 0
-6 98 31 0
-34 -25 65 0
-77 70 10 0
50 -99 52 0
-74 -32 -48 0
-80 94 77 0
30 -88 69 0
86 -32 5 0
-36 -72 100 0
82 -15 79 0
-78 31 -15 0
-84 23 36 0
-37 56 -12 0
-90 -2 -98 0
-47 98 -25 0
96 4 -3 0
-37 87 -76 0
16 47 99 0
72 -89 -53 0
94 -12 91 0
14 66 -13 0
51 -74 88 0
-62 33 -5 0
91 96 -74 0
-46 -12 -13 0
-17 76 -59 0
30 -15 -94 0
93 -34 -3 0
-30 -7 -14 0
-40 99 -92 0
40 96 32 0
82 35 -92 0
-65 -14 -55 0
85 -60 12 0
-74 75 59 0
26 -86 77 0
27 -48 -100 0
-39 -6 -26 0
-35 85 -33 0
-87 51 -56 0
30 24 74 0
-11 -42 1 0
-81 36 -58 0
59 57 89 0
-64 -100 -15 0
-51 -20 27 0
6 14 -61 0
25 68 58 0
-15 -72 -26 0
-95 57 50 0
67 44 -83 0
60 93 -85 0
16 -88 -49 0
-73 -70 -10 0
32 -76 8 0
16 -18 -86 0
-22 87 -72 0
-98 -64 -78 0
98 -69 76 0
-45 -35 -96 0
83 -1 -82 0
-23 60 -70 0
30 -10 67 0
-3 93 74 0
70 -17 44 0
53 17 55 0
92 90 -88 0
26 -36 -45 0
41 -29 74 0
93 99 40 0
-78 72 -59 0
22 -4 -3 0
-88 97 95 0
-93 17 25 0
-14 45 88 0
-11 59 -51 0
16 -40 56 0
31 -98 -13 0
45 20 96 0
91 88 87 0
-58 9 -11 0
19 -5 75 0
72 -53 56 0
16 -92 76 0
78 -41 3 0
-90 6 85 0
-79 70 -35 0
-84 -36 -62 0
70 30 52 0
58 82 -21 0
-81 -44 75 0
31 91 -23 0
27 -6 14 0
-22 82 -84 0
22 31 -68 0
51 -30 -36 0
38 -66 -39 0
2 84 -41 0
53 -91 -1 0
70 50 -92 0
13 -99 -19 0
-96 18 5 0
72 -31 93 0
14 -69 -48 0
52 82 51 0
65 -60 -44 0
-31 -62 -64 0
-33 72 35 0
49 21 14 0
-43 -47 68 0
-54 23 55 0
-35 -34 100 0
42 -44 65 0
46 23 -7 0
-5 -45 -60 0
-98 -13 -77 0
-85 12 11 0
25 97 36 0
11 -83 -2 0
-42 86 -36 0
-91 -57 -52 0
4 55 72 0
45 20 -10 0
82 11 -15 0
63 48 -69 0
43 2 12 0
-95 61 -73 0
-37 -74 -43 0
-44 -69 -71 0
73 39 75 0
-46 86 -9 0
-85 -62 13 0
-13 -100 93 0
-71 -46 84 0
-86 -57 -43 0
-3 -41 -45 0
-23 -89 40 0
-48 62 40 0
-1 -12 -58 0
43 74 52 0
-14 -77 -43 0
44 82 61 0
-63 -24 83 0
29 -86 -89 0
22 -16 44 0
55 91 -16 0
-25 97 41 0
86 -50 74 0
55 29 28 0
11 -21 34 0
-5 -88 -11 0
-16 20 -75 0
67 3 89 0
71 -24 -21 0
-55 81 68 0
-6 -62 -51 0
7 49 -78 0
-89 -57 91 0
64 20 53 0
-32 -39 -56 0
89 -3 -96 0
-10 -100 -99 0
-67 -70 16 0
-76 -82 -64 0
61 -26 -80 0
84 -97 90 0
22 -88 -42 0
-84 -92 24 0
25 -47 23 0
-20 -67 -39 0
37 -76 -27 0
47 71 -93 0
97 -19 93 0
-62 68 59 0
84 65 -89 0
-88 -60 -53 0
-58 76 -17 0
20 87 13 0
-99 -59 15 0
-10 -5 87 0
80 -14 -10 0
69 34 84 0
-33 38 56 0
23 3 -49 0
-28 -61 -8 0
-44 32 -28 0
-21 97 89 0
-96 -78 69 0
-44 -64 -7 0
48 -74 10 0
45 54 3 0
9 55 7 0
49 73 -97 0
-96 56 11 0
78 75 8 0
90 55 30 0
-27 -11 43 0
-5 94 66 0
64 27 -3 0
28 73 63 0
-43 -87 -49 0
-23 76 92 0
47 -69 96 0
95 15 -39 0
-31 28 9 0
-92 87 14 0
18 84 25 0
-90 73 91 0
34 -52 -59 0
-9 -85 -47 0
38 98 24 0
-9 7 30 0
-90 -83 -32 0
-82 -9 -64 0
-46 87 -85 0
17 100 -32 0
-90 -23 -19 0
-34 -91 -87 0
-98 -67 -53 0
-79 36 -83 0
-17 -94 -52 0
82 92 -90 0
35 -38 66 0
72 80 9 0
-100 49 62 0
-51 -28 75 0
-68 -5 -61 0
-57 -78 77 0
78 -47 19 0
6 -63 75 0
95 -18 81 0
67 56 -1 0
-67 14 3 0
