c instance by G2
c solution = 110000110011110111000111010110010010001110010011110111000000
c Known solution cost is 15805 
p cnf 60 180
w 210 341 264 637 111 474 587 443 735 982 502 311 862 915 57 536 170 131 290 427 778 868 539 780 428 854 689 693 318 199 734 140 210 911 812 683 833 2 33 382 446 804 857 43 583 45 729 687 968 893 279 537 549 526 338 110 3 534 597 525
-54 8 22 0
-29 14 59 0
-40 -19 -3 0
-36 -2 53 0
-3 35 30 0
15 48 -45 0
29 22 -50 0
-57 -3 11 0
36 12 42 0
-23 33 16 0
43 -52 -5 0
44 45 -4 0
50 9 4 0
-38 6 18 0
-39 11 45 0
-41 -5 42 0
46 7 -12 0
-31 -49 -22 0
47 -46 6 0
-45 7 52 0
27 14 30 0
59 -47 -45 0
-33 -16 56 0
-10 -50 15 0
-37 19 27 0
55 14 -35 0
-59 -14 -53 0
-39 19 -9 0
14 33 11 0
32 12 30 0
56 -37 -13 0
31 40 -11 0
50 -32 -31 0
51 -35 -33 0
17 5 -10 0
34 -21 -13 0
-15 -34 -11 0
10 -55 45 0
43 -30 -29 0
52 54 11 0
33 -49 -56 0
-56 -48 38 0
54 -44 36 0
31 -33 -21 0
25 -24 8 0
4 -3 29 0
25 -26 -4 0
57 35 -27 0
52 33 15 0
32 21 -24 0
-24 -25 43 0
-28 -51 -16 0
-40 36 -15 0
49 -58 2 0
-8 -15 20 0
40 -28 19 0
-39 11 29 0
-39 -19 -8 0
-24 43 14 0
35 38 25 0
27 13 -12 0
-43 -16 -59 0
-22 23 3 0
22 42 -25 0
59 -1 -34 0
36 26 55 0
-58 -50 35 0
-57 55 7 0
-19 -59 36 0
55 10 18 0
-59 -56 -18 0
2 45 9 0
-16 44 -8 0
-56 -25 45 0
3 -51 -15 0
-19 5 36 0
33 60 -21 0
-27 -33 -42 0
-47 28 8 0
17 15 4 0
-14 60 18 0
42 52 -59 0
-29 18 -6 0
-46 24 40 0
-59 40 14 0
-35 -51 6 0
14 46 -4 0
59 -31 -21 0
-17 -25 27 0
-5 -40 46 0
58 -50 -15 0
47 17 6 0
48 18 -39 0
-57 -30 15 0
-32 -1 -27 0
22 -3 49 0
-37 3 -22 0
49 32 -9 0
-55 -35 33 0
36 34 -10 0
56 -40 -4 0
-4 -54 5 0
-18 29 50 0
28 38 -10 0
32 -10 17 0
-47 3 48 0
42 -21 6 0
24 20 52 0
-39 35 -14 0
45 -58 9 0
55 -42 -24 0
59 29 -23 0
-3 27 34 0
-57 4 -25 0
54 42 -52 0
58 16 -29 0
1 20 45 0
53 -12 10 0
24 31 -14 0
41 -50 57 0
17 -53 -8 0
44 -23 -19 0
-33 -14 -35 0
-4 24 36 0
-44 25 -38 0
53 57 -1 0
18 -28 38 0
-12 -18 -3 0
57 49 14 0
55 -4 52 0
16 52 -51 0
2 60 -18 0
12 -59 -53 0
-24 48 3 0
-14 -30 10 0
49 19 -52 0
59 45 -20 0
59 -13 47 0
18 -34 1 0
12 10 51 0
41 14 -34 0
-10 -30 -56 0
51 22 -32 0
58 -7 13 0
10 39 -54 0
-20 -4 3 0
27 30 -58 0
-4 45 14 0
-44 -43 -8 0
-1 -57 -33 0
20 -36 -52 0
-44 4 -21 0
19 16 40 0
9 28 6 0
31 -56 -45 0
43 9 14 0
54 12 -9 0
35 60 -38 0
-29 23 -39 0
34 54 27 0
-29 43 44 0
-47 24 22 0
48 47 55 0
25 -53 50 0
36 -34 11 0
19 -60 36 0
6 55 -57 0
-6 -49 -17 0
31 -36 -11 0
-46 57 -11 0
-36 8 40 0
-60 -35 -19 0
26 -53 -2 0
-22 -31 6 0
-42 21 7 0
-18 -46 58 0
-52 -49 -3 0
16 -18 -3 0
-16 -27 34 0
-57 11 26 0
