c instance by G2
c solution = 01111010001101111010011100100100000100110101111110
c Known solution cost is 15226 
p cnf 50 150
w 944 885 294 633 408 370 598 427 733 114 263 566 772 521 775 694 475 475 19 163 945 290 524 104 106 672 892 797 796 817 1 52 618 817 954 788 854 300 758 220 439 868 847 697 969 909 906 330 23 775
9 -14 5 0
49 10 42 0
11 24 41 0
-31 -12 39 0
-10 -36 46 0
-20 -38 6 0
33 4 -34 0
-28 17 4 0
49 6 27 0
29 11 13 0
48 -45 -7 0
21 -28 38 0
33 35 -28 0
12 -25 -34 0
-12 6 -43 0
1 19 26 0
15 28 12 0
-40 19 -35 0
-40 -2 14 0
37 41 -8 0
38 20 4 0
4 -20 -19 0
-47 8 27 0
-3 -33 -49 0
24 -18 34 0
-39 49 18 0
-23 30 -16 0
-2 38 -21 0
7 33 -14 0
-34 37 -23 0
-49 -16 46 0
-10 14 -3 0
5 40 2 0
4 -6 -26 0
-12 -22 47 0
-42 26 23 0
-48 49 29 0
48 29 20 0
35 -47 39 0
-35 42 -20 0
44 1 38 0
35 43 -13 0
-24 -33 -15 0
-19 -30 -35 0
20 40 39 0
-6 -50 -3 0
17 21 -39 0
22 -7 -15 0
-12 30 -19 0
9 -46 -10 0
-40 36 38 0
-17 -29 48 0
-17 15 1 0
27 26 46 0
-6 35 -12 0
8 -29 -40 0
-50 -2 37 0
-49 -39 48 0
-24 39 -31 0
-32 35 42 0
-19 -22 -50 0
11 -19 34 0
6 42 -47 0
-18 -21 -10 0
-30 -18 10 0
-44 9 -10 0
-16 -21 18 0
-48 -49 -18 0
-26 19 30 0
12 -4 -32 0
11 -43 -38 0
42 -16 -26 0
3 18 -19 0
45 49 -13 0
-36 -38 -41 0
20 -10 34 0
-16 -27 23 0
-18 29 47 0
-44 -5 2 0
28 12 -36 0
44 -41 -27 0
-26 10 -11 0
-37 -26 -8 0
28 49 43 0
-31 -49 -45 0
15 8 -40 0
-32 -27 -43 0
-29 -14 32 0
39 29 -15 0
-1 -33 -14 0
-4 29 -50 0
34 -41 21 0
-3 33 -41 0
7 -1 44 0
3 -49 -1 0
31 -37 41 0
32 10 17 0
24 22 19 0
-9 -44 1 0
47 27 -28 0
-40 -22 -34 0
-18 24 -4 0
-21 17 -26 0
-20 -7 1 0
34 45 -3 0
-9 -40 3 0
50 47 12 0
46 -47 29 0
11 -36 -6 0
-47 -5 40 0
-21 -49 -35 0
-7 -3 -25 0
-15 37 11 0
-32 4 20 0
-3 -50 -7 0
-41 -34 -25 0
-38 39 -18 0
-2 4 -30 0
6 46 29 0
4 10 -5 0
-50 -6 -7 0
5 -22 40 0
16 37 -23 0
38 35 40 0
-49 -37 25 0
15 30 -3 0
15 -12 -3 0
10 -29 -24 0
-7 20 -10 0
13 47 -33 0
-26 -5 35 0
-6 -24 43 0
-32 29 43 0
-31 -44 -9 0
7 21 -34 0
-32 -14 35 0
-15 24 32 0
-48 -45 -29 0
45 34 6 0
18 -43 -44 0
-35 10 48 0
27 24 -34 0
43 -19 27 0
9 -49 27 0
-27 -1 33 0
11 -7 8 0
-23 -20 35 0
-5 34 7 0
28 26 -38 0
43 -8 -33 0
