c instance by G2
c solution = 011110100011011110100111001001000001001101011111101001000111
c Known solution cost is 17188 
p cnf 60 180
w 96 620 413 371 496 532 278 392 875 930 421 593 690 139 49 886 498 787 696 4 900 423 558 830 410 835 354 102 313 936 170 674 150 622 891 286 667 343 871 447 441 601 828 722 962 105 258 544 867 182 511 539 760 587 321 893 177 537 433 896
-12 -6 -5 0
-49 32 -25 0
11 -27 -36 0
-38 40 -14 0
12 -19 -41 0
-46 -16 -8 0
12 -46 59 0
43 -10 52 0
-40 -21 17 0
2 -49 -29 0
1 47 11 0
43 -1 -2 0
-23 11 -4 0
-40 47 -11 0
25 -50 53 0
6 -34 32 0
56 46 6 0
-43 42 -46 0
11 -56 20 0
3 -42 29 0
50 -55 27 0
7 -38 4 0
-21 35 6 0
36 31 -17 0
19 -25 10 0
-48 -43 -30 0
33 53 -41 0
-22 -49 39 0
-4 -40 19 0
16 24 -41 0
-10 48 29 0
9 30 -48 0
19 10 -11 0
45 19 -49 0
59 -53 -50 0
-5 -40 -56 0
40 52 60 0
41 -15 16 0
-20 -1 -13 0
-18 53 -29 0
-7 59 49 0
-49 31 17 0
-51 5 19 0
-5 -60 -28 0
52 58 9 0
-28 49 6 0
-19 11 45 0
-24 -37 -22 0
-47 -8 -49 0
-52 21 -37 0
-17 -26 -60 0
-33 -44 -3 0
-1 20 47 0
-28 12 -36 0
-38 -17 9 0
-10 -20 14 0
-7 47 -48 0
34 43 -52 0
-28 -36 50 0
39 -46 -8 0
-3 39 -52 0
2 34 -28 0
-31 19 30 0
-44 3 34 0
-55 25 10 0
-43 59 -13 0
-7 -4 44 0
31 -3 14 0
26 -24 4 0
-3 26 -25 0
-56 41 32 0
3 -49 -24 0
7 30 -35 0
-36 5 6 0
-36 -10 -8 0
29 60 10 0
48 -38 9 0
11 -52 -47 0
-32 9 -19 0
20 -8 39 0
23 -10 -22 0
-57 34 -48 0
-40 38 58 0
38 -22 45 0
-29 -15 -30 0
8 -22 7 0
-45 -33 13 0
48 13 8 0
-52 33 -29 0
40 56 43 0
-6 -12 -32 0
-60 -2 40 0
-45 -48 -25 0
15 26 52 0
-44 -33 13 0
-13 -33 7 0
55 -2 -1 0
-14 -50 -6 0
20 24 -51 0
-9 -31 -39 0
20 19 41 0
-47 -9 29 0
-28 -3 -50 0
-25 53 35 0
-44 3 -17 0
32 28 -43 0
-19 -13 -49 0
-43 -15 58 0
22 -42 -49 0
-60 -24 49 0
-54 55 -52 0
-24 39 -26 0
17 41 -22 0
-7 12 38 0
-30 -42 -35 0
-46 53 -20 0
-30 18 51 0
57 46 26 0
52 10 36 0
50 31 -43 0
-50 -27 30 0
50 -35 12 0
-4 23 55 0
1 -53 -54 0
22 34 -46 0
14 -55 -35 0
-44 56 22 0
6 5 -42 0
-38 7 43 0
53 -38 -1 0
-17 39 -40 0
-26 37 18 0
2 -22 44 0
-21 40 54 0
-50 -22 -13 0
49 -27 -6 0
35 32 -28 0
57 23 5 0
50 36 -17 0
24 -6 -31 0
28 -31 53 0
-9 44 38 0
-48 -37 5 0
28 59 57 0
1 47 14 0
30 -47 -39 0
27 38 -10 0
-9 -60 -49 0
-44 8 40 0
-41 -1 -34 0
25 42 -32 0
-24 42 37 0
-12 -18 -54 0
55 54 -3 0
-22 2 35 0
-31 -32 -17 0
-59 40 30 0
-48 18 49 0
7 58 9 0
-35 29 -23 0
-19 18 -43 0
-33 20 -50 0
-36 -35 -42 0
-29 -39 -60 0
49 3 37 0
21 28 45 0
31 -35 25 0
-35 4 -1 0
52 53 -38 0
-55 -12 37 0
-6 46 -24 0
-33 34 22 0
44 -26 -27 0
-14 -58 47 0
27 -12 56 0
2 51 34 0
54 -17 43 0
48 44 -50 0
13 51 23 0
7 -54 21 0
