c instance by G2
c solution = 1100001100111101110001110101100100100011100100111101110000000100101110
c Known solution cost is 16670 
p cnf 70 210
w 515 4 300 332 34 16 919 318 604 875 280 818 613 596 590 405 438 590 223 328 674 101 767 139 416 71 324 557 779 726 431 568 35 454 860 342 44 938 598 25 516 47 598 548 622 492 386 377 71 837 976 422 437 604 573 63 451 647 986 89 729 751 107 14 7 139 463 851 439 581
-61 6 -68 0
-8 47 35 0
50 -25 -14 0
-67 40 -52 0
42 -11 -15 0
-12 -22 2 0
62 42 -20 0
55 41 -6 0
51 45 -60 0
26 8 28 0
51 63 32 0
-45 -53 -40 0
-37 21 4 0
-35 -26 14 0
36 -38 42 0
-59 -35 -39 0
44 19 -26 0
69 -12 -19 0
46 35 -40 0
-5 -52 30 0
-18 22 10 0
68 15 48 0
40 34 66 0
13 -18 -14 0
-31 -38 -35 0
-5 -25 -1 0
43 42 52 0
-57 44 23 0
27 26 9 0
20 36 11 0
20 -30 6 0
-23 14 54 0
57 35 -36 0
-41 -36 24 0
40 -12 -41 0
29 3 20 0
-24 -30 -65 0
-49 24 15 0
36 -10 -40 0
13 -49 -59 0
46 -6 -25 0
-64 -56 -48 0
28 15 -14 0
-31 -2 21 0
-25 -65 -30 0
-3 -12 -1 0
24 19 32 0
-3 45 4 0
-54 38 -57 0
27 6 -15 0
-3 54 60 0
36 4 -21 0
11 21 -43 0
2 -56 38 0
39 -41 -57 0
21 62 -29 0
51 49 -8 0
15 -59 41 0
42 45 11 0
20 16 22 0
-27 -2 -24 0
-33 -17 8 0
-64 -36 -32 0
30 37 53 0
11 -37 35 0
46 67 31 0
54 -39 30 0
-69 -67 1 0
-9 42 24 0
-67 38 68 0
-39 -49 35 0
68 3 -41 0
-6 -48 49 0
9 34 -42 0
12 10 -39 0
-10 -65 27 0
-36 -14 44 0
-8 -43 -67 0
38 22 -51 0
-37 -10 46 0
14 27 25 0
-43 -20 -10 0
50 -8 19 0
-32 37 44 0
-37 16 -39 0
1 -44 30 0
-49 -29 -55 0
13 65 -4 0
-67 61 -46 0
64 6 52 0
-49 -6 -12 0
50 2 -13 0
8 -44 -5 0
-44 37 52 0
-3 26 2 0
-55 -32 63 0
-16 -42 -54 0
30 -68 -19 0
41 68 17 0
57 69 -18 0
-43 64 -8 0
20 69 -54 0
16 54 -3 0
-69 20 -15 0
-44 -37 -63 0
22 6 66 0
6 -43 35 0
-15 64 6 0
-29 56 39 0
-24 16 25 0
-25 -28 -41 0
-36 58 -41 0
32 -26 64 0
66 -62 -38 0
-40 19 32 0
-51 41 -13 0
28 -9 58 0
-33 15 -62 0
66 29 16 0
62 2 52 0
-48 -49 -25 0
-44 23 35 0
-42 -69 -46 0
6 27 49 0
48 19 -4 0
54 -57 34 0
-22 -48 -31 0
-69 -27 -20 0
-53 7 5 0
15 -48 11 0
-23 22 15 0
22 -13 46 0
-23 12 42 0
6 -25 3 0
42 -44 -34 0
6 39 33 0
-31 -57 -12 0
-20 -70 -59 0
-63 -14 33 0
-29 28 -10 0
-25 35 -43 0
-21 -50 63 0
-58 -47 -63 0
24 58 -34 0
25 -10 59 0
-65 -67 29 0
46 70 17 0
-24 -34 -11 0
-51 -11 -32 0
57 54 -63 0
23 63 -19 0
-41 57 69 0
-7 -41 -64 0
21 -35 47 0
57 -23 7 0
54 -40 3 0
62 51 -1 0
27 48 25 0
-20 54 23 0
-38 -17 45 0
21 -54 48 0
31 16 -64 0
-46 31 57 0
55 -49 18 0
67 43 49 0
-70 -19 44 0
33 3 24 0
35 -20 -14 0
-32 -9 -44 0
-26 -4 60 0
10 -14 -60 0
42 -65 -61 0
-41 -62 -66 0
66 -8 -56 0
15 -7 -56 0
-2 -20 -62 0
41 -12 10 0
-56 -32 -51 0
-62 7 -36 0
54 16 -53 0
-5 42 11 0
63 54 12 0
-18 1 -55 0
-67 -50 -63 0
57 -29 13 0
-69 17 40 0
32 -24 45 0
22 -38 -10 0
5 28 58 0
61 1 10 0
43 -18 -70 0
-9 3 59 0
66 31 50 0
57 23 25 0
-4 23 46 0
70 -47 14 0
-59 50 13 0
-18 52 -69 0
-28 37 53 0
50 34 -54 0
49 51 24 0
-24 -29 -58 0
-61 19 -51 0
-33 -61 -25 0
48 54 45 0
65 -35 -52 0
69 -3 -46 0
-22 28 16 0
8 -2 -14 0
-68 16 -67 0
