c instance by G2
c solution = 11000011001111011100011101011001001000111001001111011100000001001011100100010100
c Known solution cost is 18260 
p cnf 80 240
w 762 984 937 889 647 538 202 439 940 591 56 301 225 62 39 759 267 628 834 84 667 123 460 703 973 244 869 549 413 604 955 410 969 533 672 540 194 758 475 759 977 916 120 573 289 598 969 173 960 902 370 110 357 593 441 703 57 427 289 973 144 164 994 477 468 131 344 675 126 683 901 922 134 390 946 432 715 22 982 538
-21 -64 -32 0
44 71 -76 0
72 -51 -22 0
-66 -44 -18 0
-41 -11 22 0
34 51 11 0
-4 43 74 0
-64 -44 63 0
-2 40 -22 0
45 57 -19 0
34 -67 32 0
-14 -58 -23 0
-39 52 -47 0
-38 22 -4 0
54 10 -79 0
32 -49 -17 0
36 5 -60 0
-66 26 74 0
-71 43 46 0
62 -53 -22 0
-18 3 -79 0
-55 5 -7 0
-40 37 54 0
24 -68 77 0
-8 -7 -21 0
79 65 -47 0
8 -5 -57 0
-3 -55 -52 0
-49 52 -69 0
54 -37 47 0
-69 39 -31 0
-9 60 70 0
-59 80 5 0
-43 -63 -27 0
-12 -71 79 0
-22 73 -79 0
-72 -6 10 0
53 11 28 0
-3 31 80 0
69 74 26 0
-52 2 -16 0
39 -52 43 0
49 -78 51 0
35 40 16 0
75 67 -79 0
-33 -22 71 0
80 33 47 0
75 -17 -34 0
-21 24 70 0
36 -67 -51 0
-50 -35 65 0
-24 56 -10 0
-67 -10 71 0
63 74 -79 0
1 3 15 0
24 2 -38 0
9 80 26 0
12 5 61 0
-55 74 36 0
52 -39 -37 0
61 23 -14 0
6 -20 46 0
-21 -53 -50 0
37 26 -16 0
34 -9 46 0
-43 -39 58 0
77 70 -61 0
-18 -47 -63 0
-28 24 -14 0
-9 -16 -42 0
-37 -73 72 0
73 -19 79 0
-9 -55 -19 0
5 -62 78 0
-59 -33 72 0
-11 26 -3 0
31 29 -23 0
-67 5 -70 0
-37 6 -32 0
74 7 24 0
-24 -68 13 0
-54 45 48 0
63 48 49 0
4 80 62 0
-20 26 8 0
-35 18 21 0
68 42 32 0
-25 22 2 0
13 -22 66 0
-79 -23 -4 0
-68 58 -4 0
49 -18 6 0
40 -58 -44 0
31 -80 9 0
12 30 54 0
14 -54 3 0
-73 64 -1 0
61 36 53 0
54 19 -52 0
-3 7 -69 0
23 43 42 0
-51 -16 -38 0
56 -52 -64 0
-22 -62 67 0
73 -76 -3 0
-27 -52 -32 0
-2 16 74 0
-63 69 61 0
-30 5 57 0
-62 42 -15 0
54 70 55 0
11 6 19 0
-44 26 -70 0
1 80 -16 0
30 6 -25 0
-73 -2 67 0
72 -77 -75 0
-65 -25 -2 0
-4 38 -52 0
-33 -1 15 0
-31 -61 16 0
48 40 -74 0
-6 64 -55 0
41 27 63 0
44 58 70 0
20 72 -71 0
66 42 50 0
-45 65 80 0
3 -38 -53 0
-1 -68 28 0
-65 -9 19 0
-45 63 -33 0
-59 2 -44 0
9 10 50 0
56 40 47 0
40 -38 36 0
33 7 -66 0
-49 -32 -57 0
-10 -36 -44 0
48 -32 -24 0
15 -55 80 0
-59 -48 22 0
-32 -68 -55 0
-55 -53 54 0
-58 -43 36 0
21 64 -31 0
-77 -13 17 0
26 18 4 0
-18 -77 16 0
11 31 27 0
-65 68 -35 0
-13 -79 16 0
52 22 -76 0
-43 79 -17 0
66 74 8 0
66 -70 -15 0
42 -13 76 0
-39 -38 60 0
-19 -23 53 0
-10 55 71 0
77 31 14 0
41 -17 3 0
-9 -63 -61 0
-14 -49 -37 0
73 56 67 0
75 -14 -77 0
70 -38 32 0
5 -49 -42 0
-64 72 -44 0
14 51 52 0
-50 75 -38 0
-75 -14 -8 0
24 36 4 0
33 -52 -59 0
-77 -78 -11 0
35 -50 -67 0
32 50 70 0
78 -6 -42 0
-79 36 -78 0
54 -63 -50 0
-8 -53 7 0
6 -4 -16 0
9 -12 69 0
28 8 63 0
-13 -43 -52 0
-54 41 31 0
-46 -14 -53 0
-24 -7 -74 0
24 -64 -68 0
-14 37 -45 0
64 -5 34 0
20 -24 -5 0
18 -19 32 0
26 -32 67 0
-6 38 22 0
-56 -39 -79 0
20 -6 47 0
-35 -79 70 0
12 -71 31 0
-36 59 20 0
20 -31 -2 0
-6 -24 -20 0
41 7 16 0
16 2 5 0
-35 60 14 0
-61 -67 -10 0
-54 14 -32 0
56 -39 50 0
39 3 43 0
-60 58 -53 0
60 32 -13 0
-56 -38 -7 0
-38 -63 64 0
-73 13 -31 0
72 33 19 0
22 -25 -5 0
9 54 78 0
43 5 -20 0
-78 11 -14 0
19 -45 52 0
-53 -42 -69 0
32 -29 27 0
47 32 -56 0
42 -70 74 0
12 -67 54 0
-3 69 -63 0
5 -70 -9 0
76 -24 -66 0
-34 31 -77 0
51 -56 -28 0
65 34 29 0
-80 45 -7 0
-29 -35 78 0
44 -1 37 0
-36 -15 -76 0
47 35 67 0
17 75 -48 0
58 -10 -80 0
5 -64 -76 0
-76 -51 -57 0
