c instance by G2
c solution = 0110001101111011000111111010011000100101011100000001001111001011001010101010110100111011000000101001
c Known solution cost is 2373 
p cnf 100 100
w 62 13 31 65 36 12 54 97 8 36 88 29 28 60 89 54 72 92 99 63 88 68 24 7 12 9 87 23 42 43 10 18 82 83 77 41 68 23 72 24 46 16 67 1 4 22 37 73 95 35 21 10 42 30 56 8 56 89 18 35 42 77 68 74 34 52 52 18 86 47 54 68 22 73 4 3 27 69 58 53 30 12 38 62 55 98 98 100 94 32 17 90 10 75 23 3 10 33 86 88
-93 -16 -67 0
76 58 -77 0
-63 -64 -6 0
65 -1 -3 0
-8 -38 40 0
-88 -67 27 0
61 -95 -21 0
89 -41 -55 0
65 23 -58 0
-64 -18 41 0
79 73 6 0
32 -64 -92 0
-28 -67 59 0
18 59 12 0
-49 54 19 0
-54 -44 86 0
34 43 79 0
65 -14 -12 0
45 67 -55 0
-16 51 -45 0
-74 -56 65 0
81 35 33 0
47 70 -26 0
-78 60 -66 0
-55 62 42 0
-30 -22 3 0
33 -13 88 0
-88 -70 6 0
29 -24 -50 0
-76 66 94 0
-58 -99 26 0
-60 -87 -100 0
-48 -75 -97 0
-5 50 -12 0
-96 -56 -21 0
-52 -34 59 0
-98 -55 -16 0
51 21 1 0
-3 -36 -83 0
53 10 -24 0
-16 85 62 0
75 -61 -20 0
-67 38 17 0
-25 -79 -97 0
4 17 7 0
57 32 -97 0
81 -17 -78 0
-12 20 -25 0
45 68 77 0
8 28 -63 0
24 48 90 0
82 84 49 0
-16 -24 2 0
-30 99 -94 0
19 51 -29 0
-20 -61 15 0
-53 -38 -100 0
-31 -35 -89 0
-69 -91 26 0
-100 16 -85 0
-58 -86 -73 0
25 6 -63 0
80 -16 90 0
-57 68 -19 0
-64 87 48 0
69 91 5 0
-100 6 -39 0
45 1 -82 0
71 -35 90 0
-31 52 -97 0
74 -4 89 0
-44 -46 -15 0
91 -11 -37 0
-83 -62 98 0
74 -90 -95 0
9 78 -61 0
-88 95 70 0
51 -21 31 0
-81 -43 47 0
-57 -31 30 0
99 83 89 0
6 100 -7 0
-21 -12 -51 0
37 -59 -35 0
29 98 63 0
-52 -65 39 0
41 -68 39 0
86 -40 11 0
64 -2 1 0
-25 66 56 0
-67 93 97 0
96 -40 -32 0
-33 -84 90 0
-43 -9 29 0
-56 -42 -47 0
22 6 -83 0
70 -72 -80 0
13 -80 72 0
44 -83 98 0
-31 -95 55 0
