c instance by G2
c solution = 1001010111000011111110111011110100110110110001010010000110101010110110001111000100110001001100001110
c Known solution cost is 2727 
p cnf 100 100
w 43 98 9 37 95 48 64 3 16 98 80 90 67 3 2 64 92 97 33 52 48 3 82 100 9 60 60 96 54 89 1 92 64 66 63 58 44 18 98 29 9 96 42 18 30 15 37 84 29 54 85 38 15 56 17 57 54 77 41 78 44 59 78 38 8 55 16 36 57 52 60 81 19 10 93 21 49 93 32 49 62 81 92 35 11 34 97 33 86 59 41 69 49 93 87 86 4 56 34 44
-65 57 40 0
-3 49 -99 0
-82 -63 -39 0
-45 -1 5 0
-56 46 -23 0
32 -30 -98 0
-25 -11 -18 0
-92 36 79 0
81 86 -54 0
-76 14 -81 0
82 51 78 0
-96 -91 95 0
84 14 -35 0
-49 55 47 0
-68 -95 -97 0
8 -99 54 0
77 -22 -57 0
24 -4 -18 0
-99 -27 92 0
14 -80 -85 0
6 100 79 0
39 26 -18 0
14 12 30 0
-62 58 -25 0
81 63 40 0
-78 -57 -10 0
-69 65 47 0
-15 -33 89 0
-97 -94 78 0
-10 -36 -14 0
-30 -72 -20 0
-98 69 85 0
33 14 -77 0
64 -70 -84 0
90 33 21 0
-38 85 -100 0
5 23 -57 0
29 -1 3 0
-24 38 -17 0
97 -35 12 0
34 56 -99 0
55 88 90 0
18 -83 -29 0
-36 20 -83 0
-23 -38 68 0
43 52 15 0
-41 83 44 0
-38 14 59 0
-66 -55 -18 0
-15 -59 48 0
49 -34 -75 0
89 -43 -30 0
12 66 95 0
70 4 -63 0
5 -18 25 0
-20 35 -84 0
-61 -71 82 0
-61 -31 26 0
60 -91 74 0
-5 -73 -74 0
98 72 -39 0
-88 100 27 0
17 -39 7 0
95 76 62 0
-67 -75 -21 0
26 67 -64 0
-36 91 82 0
41 -66 95 0
50 -90 11 0
7 -93 49 0
-28 10 -19 0
93 94 -13 0
19 67 77 0
-10 -42 16 0
43 -68 -87 0
-50 94 60 0
-16 -58 37 0
49 -60 62 0
-25 -36 -12 0
9 -29 -10 0
-84 -75 -7 0
45 -26 47 0
-38 80 67 0
75 26 -65 0
52 42 -23 0
-89 58 -41 0
-24 12 -47 0
43 -79 -99 0
-17 -53 -76 0
-23 -18 -86 0
44 -40 -39 0
37 61 -46 0
-37 -80 -63 0
33 -18 73 0
79 -52 89 0
-63 1 -66 0
99 -46 -10 0
-44 -65 -80 0
3 -2 40 0
28 37 2 0
