c instance by G2
c solution = 0111001011011101111101011111001100101110000110101110111010111000011001010010010000110000001000000000
c Known solution cost is 2355 
p cnf 100 100
w 6 53 81 67 53 54 31 15 47 56 61 86 63 39 52 51 97 40 67 57 4 59 67 52 87 69 5 20 43 32 28 27 46 12 35 90 46 7 12 44 50 41 90 28 55 2 11 51 87 15 12 46 17 50 36 91 61 94 98 44 55 23 82 75 16 64 42 6 65 10 89 93 95 52 56 45 79 57 14 26 41 93 71 73 48 54 64 89 10 74 38 68 57 93 58 63 77 50 49 65
-67 49 -26 0
20 -75 -45 0
6 19 -54 0
-53 -92 46 0
-85 -70 -27 0
-53 -43 80 0
-25 32 88 0
40 -58 -55 0
-87 100 -26 0
30 -94 -14 0
-9 -70 35 0
-44 48 2 0
-53 76 14 0
-17 -51 -52 0
-35 10 64 0
-2 80 54 0
-26 -67 78 0
99 -2 -63 0
1 64 60 0
-42 1 6 0
21 28 -49 0
-50 61 74 0
5 -73 43 0
47 -25 -13 0
75 -2 -12 0
-25 -21 -83 0
86 12 40 0
74 4 71 0
-41 93 -50 0
-14 45 -13 0
-91 87 -82 0
93 57 -44 0
-97 -45 100 0
-12 -26 -79 0
-22 -8 21 0
-23 34 98 0
74 37 99 0
-90 56 52 0
-32 48 -86 0
83 -22 94 0
-80 -67 -38 0
65 70 -25 0
11 -7 91 0
86 -84 -76 0
11 -29 93 0
9 -4 97 0
-10 -50 66 0
86 1 7 0
-98 -67 -18 0
3 77 30 0
-35 100 -74 0
-10 -81 80 0
-88 -3 -7 0
16 -61 -47 0
-3 97 -36 0
-31 48 -1 0
100 24 71 0
-18 31 -19 0
46 67 87 0
-77 41 88 0
68 26 46 0
-60 97 22 0
8 -46 23 0
100 39 86 0
-4 -67 38 0
-49 -75 53 0
46 68 -69 0
-75 18 11 0
-25 -32 -15 0
25 -17 71 0
82 62 -48 0
-34 -51 62 0
-22 69 -64 0
-47 -31 50 0
1 -95 62 0
-84 13 -18 0
90 27 64 0
80 33 -5 0
-9 -25 -62 0
-6 56 65 0
-57 -99 23 0
29 -53 51 0
15 -89 86 0
-2 -67 -56 0
58 -70 -68 0
-55 -100 87 0
98 -30 -35 0
-51 62 -71 0
100 -33 42 0
86 41 17 0
-13 84 89 0
-59 69 44 0
55 -61 76 0
56 99 59 0
-40 86 1 0
-50 -26 -96 0
88 72 -55 0
-11 -61 -39 0
76 -31 -93 0
1 -4 -65 0
