c instance by G2
c solution = 0111000010001000011011000001000100001101011110011100110010110100101010111000111101000100010000010001
c Known solution cost is 2327 
p cnf 100 100
w 4 48 43 82 19 60 34 25 8 92 35 78 11 55 65 37 80 100 91 31 100 47 34 70 27 70 52 15 68 77 61 67 13 24 3 71 36 49 87 66 95 34 50 18 34 75 80 65 57 48 94 28 74 34 9 81 95 79 94 63 80 48 43 83 83 43 58 62 79 40 45 55 58 73 75 11 55 9 67 75 51 54 16 23 43 78 27 62 35 23 4 31 83 30 11 31 85 41 44 80
58 -47 41 0
-73 76 19 0
74 -97 -49 0
-99 58 -22 0
16 44 41 0
89 -40 -8 0
-90 -100 -64 0
-23 15 -40 0
86 41 97 0
50 47 -53 0
89 -59 -5 0
-42 83 -76 0
-44 -4 -36 0
64 12 -52 0
26 -84 24 0
72 74 26 0
30 11 -92 0
95 88 -46 0
-90 43 -38 0
-33 -37 68 0
-29 6 -69 0
29 73 -9 0
6 10 -93 0
66 -56 -72 0
-86 14 -91 0
61 -18 90 0
-57 21 75 0
88 -63 98 0
84 -53 9 0
-7 -60 12 0
58 80 75 0
27 -81 87 0
77 41 92 0
-31 -57 -3 0
-27 81 70 0
-37 15 -1 0
95 -25 29 0
-68 -43 87 0
8 -20 -69 0
-50 3 -54 0
17 -62 -16 0
-43 67 76 0
74 62 -2 0
-75 -62 -3 0
-39 27 -13 0
-51 87 -100 0
-74 85 -18 0
-48 -35 8 0
59 17 97 0
5 -94 -82 0
-38 49 7 0
-9 -48 -15 0
51 32 93 0
48 10 14 0
93 24 -70 0
31 60 14 0
-60 28 63 0
95 -58 64 0
96 -90 -73 0
-77 75 53 0
-40 13 88 0
-86 29 -61 0
-9 31 -26 0
-89 -32 97 0
-78 69 -49 0
-73 -78 79 0
25 -24 -53 0
-83 51 -28 0
75 40 97 0
18 34 -57 0
1 30 -55 0
-10 88 31 0
20 -98 25 0
24 36 -34 0
10 -54 37 0
33 99 45 0
38 -80 -43 0
-95 -19 41 0
-17 87 -22 0
-86 42 6 0
-87 -18 -82 0
46 -28 -14 0
4 -62 -43 0
-43 -6 -9 0
78 34 -59 0
65 34 -48 0
54 -19 31 0
-88 -3 83 0
70 2 -3 0
7 82 14 0
-85 -18 -32 0
89 -4 -11 0
39 94 -30 0
92 12 57 0
-86 100 36 0
87 -45 71 0
-43 -37 -66 0
33 7 -12 0
85 22 14 0
-41 -3 64 0
