c instance by G2
c solution = 0100011011011011001110110001101110011000110001011011110010010010010110100010111010100100001110111101
c Known solution cost is 2687 
p cnf 100 100
w 13 3 6 22 48 62 81 23 59 91 19 98 59 85 69 30 51 33 11 45 46 7 83 60 90 64 100 98 3 98 77 77 8 95 61 87 29 48 58 45 24 39 75 5 74 78 58 51 55 7 44 67 42 73 93 71 27 94 59 11 69 32 28 28 57 78 50 73 36 4 48 27 34 37 31 23 88 60 58 91 56 47 64 14 24 31 78 100 6 43 61 93 36 7 39 20 25 36 41 39
94 35 71 0
-52 19 61 0
25 89 -39 0
-60 -12 -4 0
-44 67 8 0
-66 -95 -55 0
-68 -89 27 0
12 84 -42 0
40 89 48 0
-12 -3 -46 0
-96 88 -64 0
74 -40 -60 0
-49 -9 54 0
-74 -57 -24 0
32 -29 14 0
-63 34 53 0
-77 -54 86 0
66 -78 -57 0
92 -66 -36 0
94 -57 51 0
-88 -60 67 0
30 -62 -93 0
56 -29 10 0
-6 28 8 0
-90 -9 -66 0
94 -59 -20 0
-49 -99 -21 0
-60 -83 -72 0
14 57 -95 0
-38 -100 35 0
-69 98 -96 0
8 -86 69 0
27 -97 -50 0
-78 -83 95 0
-48 42 74 0
-49 -26 67 0
37 45 -6 0
38 -37 -30 0
65 63 -28 0
61 -43 -41 0
-92 -27 -28 0
29 5 -23 0
11 21 -79 0
-52 34 -85 0
-17 82 -98 0
58 24 84 0
-31 -25 70 0
11 -22 84 0
26 70 41 0
-79 97 65 0
-19 -14 -66 0
60 58 -23 0
22 7 17 0
-12 -45 43 0
-23 93 -51 0
-87 -78 8 0
-63 -53 -61 0
-56 45 85 0
-49 50 -70 0
-28 36 39 0
-96 -18 -91 0
-54 8 81 0
3 -67 -52 0
-96 33 -49 0
100 26 85 0
89 49 94 0
87 -8 -68 0
87 31 44 0
96 -79 82 0
77 -54 65 0
94 -32 -65 0
-73 -6 -12 0
-28 -98 -1 0
3 -46 68 0
-19 91 85 0
-78 -76 -97 0
-19 52 -98 0
-32 87 -35 0
-46 62 13 0
-23 -5 43 0
46 -66 -71 0
-75 11 -82 0
9 84 3 0
-54 16 -77 0
56 -11 67 0
-7 -60 -94 0
-52 -47 -93 0
20 -10 -29 0
-2 -7 23 0
-78 -10 79 0
-9 -92 78 0
27 -80 84 0
18 6 -54 0
-58 17 -81 0
-92 -34 38 0
74 58 15 0
64 62 2 0
83 89 -75 0
-84 -68 76 0
75 4 35 0
