c instance by G2
c solution = 0100101011101100010010111010101010110111101000101011010000110111000001111001010000101011001011000001
c Known solution cost is 2285 
p cnf 100 100
w 39 2 13 4 87 100 50 74 66 62 2 76 18 78 13 95 71 92 76 80 17 17 44 80 83 28 46 78 47 25 22 77 91 4 25 36 78 100 33 41 15 99 100 80 20 59 23 80 25 7 3 33 81 56 42 76 82 42 29 51 8 16 68 97 11 12 95 43 20 87 78 22 49 51 69 18 38 67 8 25 34 94 1 85 31 45 94 87 41 84 23 54 61 17 73 75 98 62 77 12
75 -77 28 0
-84 3 65 0
63 -52 -9 0
48 77 100 0
-53 -70 19 0
41 30 -83 0
29 -35 19 0
-62 90 -56 0
11 -93 -10 0
-88 40 -24 0
37 -81 -83 0
18 19 -59 0
98 94 -60 0
-10 -17 -5 0
6 -11 -69 0
88 -63 67 0
54 -5 4 0
-95 -13 -76 0
92 -10 72 0
-94 -15 -59 0
-63 93 53 0
89 -30 65 0
28 17 73 0
51 -59 44 0
-43 36 74 0
-62 -20 46 0
-44 55 -88 0
-12 -24 -60 0
-32 -94 -18 0
-72 58 -42 0
-75 89 95 0
15 -92 37 0
35 68 -23 0
-23 42 25 0
-59 56 87 0
52 55 96 0
92 -35 10 0
-40 61 83 0
74 96 -16 0
96 -35 5 0
21 77 -33 0
84 -80 3 0
74 -21 -26 0
17 79 2 0
39 67 4 0
-40 -96 -13 0
-14 -21 27 0
-19 95 66 0
-70 96 -48 0
-37 -93 22 0
8 81 -55 0
4 -97 -100 0
-67 92 -93 0
77 24 68 0
-10 82 -99 0
-59 -65 -9 0
28 80 -68 0
-43 47 42 0
34 82 -61 0
-100 43 99 0
-8 -23 -31 0
68 16 49 0
-100 56 -46 0
79 59 -25 0
15 91 17 0
86 -54 -58 0
22 67 31 0
-85 -3 6 0
70 6 -94 0
-9 76 12 0
-60 -22 -23 0
-45 -5 -52 0
-38 -98 -51 0
7 -59 99 0
-82 74 -91 0
-76 -1 -93 0
-79 98 -36 0
-31 -54 -4 0
79 64 3 0
97 -18 85 0
90 60 46 0
-66 -29 67 0
-18 9 -10 0
-27 78 30 0
-13 -7 33 0
-52 -28 -5 0
-14 13 -21 0
38 97 -11 0
65 71 53 0
-34 -14 79 0
-41 -57 79 0
23 -41 -10 0
-39 -89 -87 0
81 42 -6 0
-54 92 -74 0
-86 95 -41 0
-50 77 4 0
-63 -38 14 0
-64 -54 -90 0
-27 62 95 0
