c instance by G2
c solution = 1011101110100011110100001101011011010010100000011111110101010010111001011010011000101011001100100101
c Known solution cost is 2818 
p cnf 100 100
w 85 9 95 71 41 65 90 10 44 79 42 37 63 53 14 50 35 93 33 40 41 47 64 44 82 34 34 4 99 78 4 23 48 50 61 96 16 60 33 25 62 24 86 81 98 10 25 65 70 25 71 6 56 80 11 85 31 68 91 34 33 20 85 73 68 17 60 36 38 3 14 16 85 65 70 81 77 22 59 8 28 20 93 14 43 41 83 91 58 95 67 38 81 51 58 73 78 95 18 4
61 -96 86 0
94 66 44 0
-36 -15 -76 0
-45 6 -8 0
-16 48 44 0
98 43 42 0
-11 89 -86 0
71 52 27 0
-82 -87 -15 0
-36 -69 93 0
-100 81 -12 0
-34 -52 -61 0
-35 23 -91 0
-72 68 51 0
65 -58 89 0
39 13 -49 0
45 32 16 0
-63 -33 83 0
-5 94 -55 0
93 -6 -60 0
87 -33 -20 0
-72 43 -42 0
80 79 68 0
-17 15 68 0
-58 63 -18 0
97 -59 -52 0
-80 59 -73 0
99 -7 75 0
-47 43 -31 0
-83 -24 -95 0
-95 -30 20 0
-34 85 10 0
57 -67 5 0
-33 -56 18 0
-87 44 -71 0
10 -32 45 0
-73 17 12 0
100 68 -20 0
-79 77 9 0
-34 -30 70 0
50 -83 -26 0
-74 -33 62 0
-33 -57 40 0
3 -15 90 0
-2 -67 94 0
54 -52 -7 0
6 -43 59 0
-87 -46 37 0
84 -33 73 0
-3 -14 64 0
42 -15 31 0
45 71 58 0
91 82 -54 0
97 26 99 0
24 -15 7 0
93 -79 1 0
-75 37 -90 0
-13 -31 74 0
-92 25 -75 0
53 71 -91 0
-92 33 -50 0
76 -67 11 0
-54 41 22 0
-49 -40 10 0
10 -89 80 0
49 -70 24 0
62 -83 60 0
21 -70 -99 0
40 -23 -3 0
22 -93 -72 0
-64 -41 74 0
-94 -88 89 0
59 -81 96 0
95 -51 2 0
34 42 62 0
-27 -85 -56 0
97 81 36 0
-66 22 -37 0
-17 46 30 0
-22 29 -33 0
4 -49 -7 0
-4 8 -41 0
92 -79 38 0
-38 19 -100 0
-21 2 -34 0
-77 21 -16 0
62 82 88 0
-10 93 42 0
78 77 2 0
-29 2 12 0
27 -19 -58 0
-97 -3 61 0
55 77 -62 0
76 67 -7 0
28 29 68 0
72 -66 -34 0
19 -84 -75 0
-68 -1 -60 0
-63 62 -44 0
-98 -87 56 0
