c instance by G2
c solution = 1001110110101101110101000110000111011111011110111001011000011100101101110110010110011111000101110001
c Known solution cost is 2900 
p cnf 100 100
w 59 7 23 98 11 21 49 48 99 78 34 72 67 34 77 83 94 99 36 17 37 14 77 92 85 28 39 35 24 65 87 1 1 77 93 46 53 46 13 100 20 25 52 39 27 52 43 36 73 4 49 91 100 15 27 89 40 47 49 90 22 73 66 75 89 28 59 22 51 2 22 66 62 2 98 94 70 47 13 25 55 74 43 49 67 71 58 3 6 35 75 77 70 85 95 33 16 14 84 80
-19 -48 -74 0
43 -13 89 0
80 69 -85 0
-40 -64 -84 0
39 79 -48 0
62 -8 -14 0
83 26 -78 0
-45 -29 -16 0
18 24 79 0
73 66 60 0
75 -48 77 0
89 -82 15 0
-22 76 49 0
-72 7 -46 0
6 -62 -36 0
-87 36 57 0
38 -5 -81 0
-13 -44 40 0
42 51 63 0
98 -77 -47 0
59 -18 -7 0
-48 -26 65 0
45 -85 21 0
33 -80 -75 0
41 13 -14 0
5 79 -61 0
98 -48 -97 0
30 4 50 0
-33 93 85 0
-80 -72 87 0
-11 34 83 0
-62 78 -85 0
64 81 -13 0
35 14 -11 0
69 17 -55 0
79 84 21 0
59 -32 -58 0
-80 99 16 0
-22 -10 -4 0
12 32 7 0
64 -28 -38 0
-5 96 -60 0
30 -20 -76 0
74 66 -62 0
67 -48 23 0
-48 -84 -24 0
7 48 56 0
41 9 -11 0
-70 -74 -83 0
77 -57 73 0
95 58 -45 0
-42 20 -49 0
37 -39 -71 0
27 83 24 0
-98 10 -94 0
-26 22 41 0
55 -13 35 0
-68 -44 -56 0
2 -71 -69 0
92 -84 -8 0
-23 -39 -26 0
-36 -73 76 0
-99 -61 -6 0
-36 -63 -14 0
31 -2 12 0
31 57 -15 0
-34 94 83 0
68 -86 73 0
82 100 -33 0
-49 29 54 0
61 -94 -22 0
19 -100 -3 0
-61 -34 -53 0
-13 -20 -50 0
-81 -26 71 0
-25 29 69 0
-32 88 -68 0
15 -27 1 0
51 -12 -72 0
-66 -8 -37 0
7 8 -33 0
7 -41 -11 0
66 -31 58 0
-13 51 44 0
-21 -61 93 0
-59 28 15 0
29 -51 -6 0
90 -71 47 0
89 -22 -91 0
-18 -93 -54 0
21 -5 86 0
83 11 66 0
2 52 57 0
-67 30 -79 0
-71 -94 70 0
-32 -35 -70 0
-36 -30 -88 0
-90 12 -39 0
72 99 -4 0
-78 -40 -89 0
