c instance by G2
c solution = 1110010111010100011110110010110011111011011111010100001010111011111101010101011100001110000110011010
c Known solution cost is 2851 
p cnf 100 100
w 30 29 75 7 19 74 20 77 72 2 11 95 46 3 56 9 54 8 100 74 85 86 74 1 17 16 90 86 93 57 75 90 71 95 26 45 23 51 5 35 14 66 35 22 92 44 89 49 73 26 19 44 56 4 40 57 44 70 85 59 6 14 46 47 32 43 64 2 6 86 9 25 52 7 21 55 63 77 19 43 6 17 25 56 8 40 77 5 21 59 33 91 13 13 57 33 43 68 93 64
70 -9 52 0
-95 26 17 0
28 -23 -88 0
13 29 -45 0
25 -39 2 0
-65 -3 80 0
-36 68 22 0
13 84 87 0
76 25 -48 0
20 16 52 0
-61 -42 27 0
54 -19 -49 0
17 -35 -51 0
-52 -29 98 0
-89 -37 56 0
58 92 25 0
-5 -42 -99 0
-97 63 51 0
71 19 75 0
95 -68 86 0
-93 -58 -85 0
-97 81 33 0
54 -21 -83 0
-39 75 -90 0
23 -9 5 0
11 90 43 0
-60 1 28 0
56 72 53 0
47 56 -31 0
-60 -81 -20 0
4 5 -16 0
15 38 67 0
-61 -78 35 0
-87 -65 3 0
94 41 -7 0
75 -24 -98 0
49 65 90 0
81 -92 78 0
64 -60 -42 0
82 -53 -36 0
94 61 -35 0
30 -19 4 0
-23 24 -27 0
52 -12 -32 0
31 6 -57 0
79 71 -23 0
-54 -86 -63 0
-80 -22 100 0
14 -63 -48 0
66 -14 -19 0
-27 -8 99 0
45 -39 4 0
-70 -6 -75 0
-29 -55 50 0
-57 -94 5 0
52 -48 18 0
16 37 -79 0
59 100 32 0
28 -67 55 0
-11 -12 -86 0
56 -61 44 0
-73 28 4 0
84 -24 36 0
90 47 8 0
-17 -79 -50 0
-19 -40 34 0
57 71 47 0
-43 17 40 0
21 91 -48 0
95 -47 62 0
98 -97 9 0
-76 48 5 0
-48 28 -4 0
-10 -70 -77 0
-91 -80 -78 0
89 10 75 0
51 -44 -13 0
-6 74 62 0
-78 100 93 0
-96 98 -71 0
-60 -1 85 0
-2 -36 -26 0
-85 -92 -15 0
60 -65 69 0
96 -55 -78 0
-93 -25 -43 0
28 12 75 0
-97 56 -62 0
-6 -8 -41 0
62 90 -56 0
22 88 39 0
97 -6 71 0
41 84 -100 0
-12 -82 -86 0
-44 -27 -69 0
-38 -64 -86 0
-23 -28 88 0
-65 42 -8 0
-12 62 -84 0
46 -20 89 0
