c instance by G2
c solution = 0001110101110010000101010100010010100101000101110100001000010101000110000101101010110010000001010101
c Known solution cost is 2205 
p cnf 100 100
w 3 12 59 92 78 44 50 91 46 77 45 69 80 11 59 36 38 54 59 84 17 87 70 75 24 29 98 51 95 39 97 30 81 76 61 36 39 98 77 54 5 86 70 62 85 89 58 15 72 68 1 36 33 53 76 81 4 40 82 15 10 9 80 73 80 15 35 59 30 14 95 54 4 19 78 19 13 32 59 34 69 47 91 41 69 91 38 32 43 77 80 2 74 93 6 32 60 5 28 9
-46 17 35 0
-44 -28 67 0
-65 36 -6 0
58 22 29 0
-62 -60 -97 0
-18 -24 -96 0
21 -6 -25 0
-33 73 40 0
34 75 -21 0
1 9 -70 0
53 -3 70 0
-38 59 6 0
-64 34 46 0
-26 69 59 0
33 75 99 0
-84 100 95 0
65 97 -89 0
-87 28 20 0
7 -60 -32 0
21 -11 -99 0
97 59 -93 0
58 38 23 0
-67 85 51 0
14 -30 48 0
83 -94 16 0
-94 -39 45 0
-58 25 97 0
9 -14 27 0
-4 12 -22 0
-53 39 -12 0
-42 34 -47 0
93 -17 91 0
14 44 75 0
-12 -73 65 0
-80 -20 29 0
-38 31 -2 0
3 -15 4 0
-78 34 49 0
2 65 -66 0
-47 78 -29 0
89 11 49 0
-10 -22 55 0
31 67 -19 0
17 -41 42 0
64 -11 54 0
88 -11 50 0
-59 -79 3 0
13 -72 -68 0
89 28 -45 0
-83 -35 -61 0
9 -95 -20 0
-90 85 27 0
-54 31 39 0
-7 -33 49 0
29 -57 -26 0
52 -49 17 0
99 10 1 0
56 94 9 0
-55 -82 -64 0
-94 -51 70 0
-38 52 79 0
15 31 82 0
-11 -22 -56 0
70 41 -75 0
-94 -88 86 0
34 24 -40 0
-86 53 41 0
-36 -76 2 0
82 -27 63 0
51 -15 76 0
-1 45 -35 0
53 -16 56 0
52 8 58 0
61 23 81 0
-48 53 -23 0
93 -85 -22 0
-60 97 5 0
-63 59 42 0
86 74 41 0
63 -31 -87 0
68 -69 -40 0
-4 95 -52 0
-94 -71 78 0
62 53 72 0
-33 88 -34 0
7 -44 30 0
26 88 9 0
-64 34 47 0
-69 27 -13 0
-40 96 14 0
80 -100 77 0
49 41 -9 0
59 2 -37 0
98 2 70 0
-92 -40 34 0
70 16 -91 0
28 60 86 0
-22 82 -43 0
29 53 84 0
1 99 87 0
