c instance by G2
c solution = 0110110011001110011001100011101001100011111011011010000010011100000110101100000001001011011100111000
c Known solution cost is 2479 
p cnf 100 100
w 90 66 55 98 81 10 62 95 80 66 80 18 54 15 79 24 5 29 90 55 42 67 84 18 47 63 34 11 53 82 13 70 54 64 58 12 50 47 56 65 73 29 99 43 43 93 90 69 7 4 57 24 78 33 2 24 96 49 26 11 95 64 44 9 49 53 20 53 34 41 100 56 4 16 34 90 40 64 98 90 66 62 5 55 1 58 19 6 25 38 63 29 32 36 40 85 63 14 59 95
-81 -73 50 0
-73 38 -21 0
-95 58 74 0
-2 38 10 0
43 53 86 0
-11 59 81 0
-10 38 -84 0
-34 -3 -94 0
-39 14 -92 0
-31 -27 -67 0
20 -31 61 0
-10 55 87 0
83 15 -45 0
-63 66 -14 0
-24 -68 -42 0
-87 96 -43 0
-36 84 -82 0
-22 93 -89 0
4 91 -39 0
-61 -12 36 0
-33 50 -48 0
-73 -74 -86 0
-41 65 27 0
66 32 45 0
22 -85 33 0
-34 35 -90 0
1 -87 -100 0
89 26 -20 0
-39 -79 -92 0
-10 -68 48 0
73 -28 99 0
-46 4 -52 0
-19 98 13 0
99 -82 49 0
90 -3 83 0
44 -83 -29 0
-40 28 -43 0
84 97 -62 0
-53 -2 79 0
82 47 -62 0
66 -48 -75 0
9 1 -71 0
-66 -9 -40 0
24 -16 -27 0
95 -35 -48 0
-91 -54 -34 0
-82 52 -50 0
-29 -64 -41 0
63 -46 -70 0
-72 -97 89 0
-29 -45 -4 0
56 7 -17 0
65 -95 29 0
-15 -78 -91 0
17 51 55 0
-96 3 -45 0
83 -69 -76 0
-80 -29 -22 0
52 88 -92 0
55 -47 52 0
11 100 41 0
32 17 31 0
-30 -91 8 0
16 21 6 0
65 99 46 0
-29 -98 -69 0
11 85 21 0
17 -32 -62 0
-26 20 33 0
-55 12 -92 0
-59 -13 -3 0
-25 -95 -97 0
79 33 40 0
89 -99 -34 0
64 -38 84 0
-35 71 -82 0
-82 18 -14 0
38 -58 59 0
62 -91 -42 0
-87 -39 42 0
-42 -49 68 0
92 20 -29 0
-46 -5 69 0
-39 24 -44 0
-1 -97 32 0
20 2 -57 0
-69 23 30 0
-93 1 -34 0
5 -6 99 0
-85 -23 57 0
-42 -65 99 0
-35 60 67 0
39 -51 -28 0
-39 -77 26 0
-8 -96 -2 0
-37 76 -71 0
38 34 36 0
67 93 19 0
-7 53 -51 0
38 -56 93 0
