c instance by G2
c solution = 1100101110100111110000101110000111000100100011010101010011011110001000101110010101000011000010000101
c Known solution cost is 2404 
p cnf 100 100
w 98 25 39 63 88 26 80 83 40 23 20 46 48 65 83 90 35 66 9 80 32 23 71 60 43 20 83 41 4 71 88 49 44 29 38 22 94 84 66 65 59 30 68 30 45 21 99 26 91 12 3 60 10 54 24 39 31 97 81 62 62 71 8 37 52 39 70 60 85 81 81 72 14 14 90 31 80 36 36 58 38 43 100 18 96 12 9 13 61 99 93 34 67 56 37 40 58 57 36 48
-40 12 -54 0
65 -54 45 0
-34 -51 53 0
3 47 7 0
51 59 -29 0
-46 -37 -63 0
77 84 2 0
39 31 100 0
-28 -45 -34 0
3 -63 27 0
98 40 -93 0
51 22 52 0
91 51 38 0
24 -93 87 0
81 51 -49 0
80 -1 84 0
-2 -53 -98 0
96 -11 -24 0
-35 -33 6 0
-58 -78 -39 0
-52 -15 -86 0
-78 -16 -13 0
96 -41 67 0
-80 58 -60 0
-87 -6 12 0
49 90 -30 0
-34 -15 -97 0
-61 -77 -100 0
77 -18 75 0
85 39 5 0
-14 -94 -23 0
-59 44 90 0
56 -66 -26 0
95 60 65 0
-56 40 79 0
-96 12 97 0
71 -87 37 0
-68 -78 22 0
-32 37 93 0
-27 -81 70 0
3 -67 9 0
-26 47 57 0
78 31 -18 0
91 -22 29 0
72 -83 37 0
91 -82 62 0
-25 37 -19 0
16 24 20 0
-32 -27 23 0
-3 -74 -93 0
92 83 46 0
-50 -76 -15 0
49 -18 -72 0
11 96 -16 0
34 -74 20 0
-80 91 18 0
70 82 51 0
-93 -71 -65 0
-9 32 30 0
41 59 -25 0
-32 -12 64 0
26 -38 -74 0
-17 74 21 0
-57 -79 -9 0
-90 4 -32 0
14 -1 77 0
-21 36 59 0
-45 -64 39 0
-100 -33 25 0
-91 -34 56 0
96 -36 29 0
-31 4 -75 0
-14 -42 64 0
-27 -11 -84 0
89 54 29 0
96 -14 15 0
-11 -69 76 0
44 19 1 0
13 31 8 0
-33 73 43 0
-5 68 -55 0
-10 53 -2 0
48 -98 -100 0
-63 61 53 0
85 -32 -70 0
96 -75 -43 0
-78 -71 63 0
-85 -62 13 0
-71 -4 -82 0
-26 53 -95 0
-61 -8 50 0
55 88 -50 0
94 97 -99 0
-92 -58 20 0
94 -20 -60 0
49 17 -100 0
-46 22 33 0
-67 39 -47 0
-44 -32 -93 0
-54 -89 -50 0
