c instance by G2
c solution = 1101000001110110010101101100011110101101001100001101010000100001111111000001001011111100010101000111
c Known solution cost is 2758 
p cnf 100 100
w 91 62 77 11 94 45 62 78 85 90 6 2 100 52 71 57 82 21 68 76 48 51 56 81 22 26 88 25 45 22 67 15 88 74 76 27 48 61 59 56 41 54 98 44 70 89 28 74 78 90 92 89 33 78 43 79 65 63 15 47 30 63 63 25 98 49 34 22 30 93 74 90 74 65 52 55 82 41 96 36 79 23 79 21 35 98 5 93 90 88 95 22 71 91 99 30 76 80 3 75
55 23 24 0
67 97 -25 0
-79 -55 53 0
63 94 75 0
45 50 -31 0
65 -33 -10 0
-59 -75 -81 0
52 3 55 0
-37 -68 -8 0
55 49 24 0
-12 18 34 0
57 40 -82 0
-45 21 -81 0
36 96 98 0
2 39 16 0
-99 -83 25 0
87 24 83 0
-92 91 68 0
-22 69 17 0
6 35 -31 0
-63 45 58 0
27 73 -61 0
21 -42 -79 0
39 -29 -37 0
97 -19 96 0
-79 76 -15 0
90 -26 87 0
3 -53 -79 0
30 -65 -33 0
28 -18 -36 0
-39 57 46 0
91 80 43 0
64 9 87 0
-77 -15 87 0
-32 63 -6 0
97 11 57 0
-64 -100 -24 0
-66 92 -44 0
77 -30 81 0
-62 13 53 0
79 -69 -70 0
-65 -58 -30 0
86 55 24 0
14 -20 53 0
4 74 88 0
34 -44 99 0
61 -95 55 0
59 42 -64 0
31 45 29 0
-84 100 53 0
-90 7 -17 0
-66 20 46 0
-27 29 -99 0
-54 34 37 0
-22 -87 -40 0
-32 -84 12 0
-35 27 22 0
-74 96 60 0
-91 78 -64 0
-84 9 44 0
-46 34 36 0
-34 -76 -43 0
16 -84 1 0
-72 -10 -83 0
54 -44 -85 0
77 -88 71 0
-32 -21 16 0
7 -80 3 0
-81 -60 51 0
51 -33 70 0
-57 -30 55 0
-35 -96 78 0
-14 -69 -3 0
75 55 -56 0
84 45 -50 0
85 -30 96 0
88 -94 10 0
66 71 58 0
-98 -97 27 0
-69 -43 -48 0
-41 -38 -11 0
-37 -79 -7 0
21 -83 15 0
60 -28 -100 0
9 -78 93 0
7 89 -16 0
-47 -49 8 0
-51 -44 91 0
78 32 -64 0
-43 -31 33 0
48 -31 -93 0
-23 -13 -79 0
-5 57 78 0
-85 45 38 0
-32 -22 -71 0
-73 -4 -11 0
-9 -40 -85 0
89 26 87 0
3 82 39 0
-94 -89 34 0
