c instance by G2
c solution = 1110100110011001111010000101101000110110111001010111100000100100100110100010100010111000001101011010
c Known solution cost is 2443 
p cnf 100 100
w 80 69 11 44 16 56 5 33 14 28 66 22 46 67 97 27 34 57 46 16 55 82 1 38 40 88 45 82 63 19 6 79 87 69 89 87 39 16 61 43 50 79 13 100 96 53 73 64 38 25 35 38 23 75 2 87 16 15 74 35 71 80 33 90 78 38 41 89 74 86 53 12 28 90 13 69 65 55 65 70 49 22 39 7 74 10 91 97 16 79 27 46 12 29 23 92 89 55 83 11
89 16 -28 0
-83 18 80 0
-29 -27 -65 0
-56 40 -53 0
84 40 72 0
66 43 -21 0
-67 -28 -39 0
-42 5 54 0
-8 -70 -43 0
13 -16 74 0
11 -37 -5 0
47 -36 -30 0
77 -41 88 0
-21 26 -31 0
46 -65 -51 0
-47 -8 79 0
42 44 34 0
83 27 61 0
-71 -80 14 0
60 -52 -6 0
-81 2 -13 0
11 -89 90 0
28 27 25 0
64 20 62 0
-13 -95 -92 0
29 45 93 0
61 21 34 0
41 56 -3 0
-57 98 30 0
-8 -65 35 0
45 56 1 0
50 -48 -52 0
-72 -62 -42 0
-14 33 95 0
10 91 95 0
-82 4 95 0
60 -74 -16 0
99 -85 -21 0
54 -33 11 0
97 6 55 0
72 -51 -63 0
-35 -23 -29 0
-77 -17 71 0
-26 -49 -68 0
-52 -88 -36 0
86 53 -99 0
-71 51 -94 0
81 -65 -19 0
-54 -75 -8 0
85 -68 -19 0
-83 -20 -69 0
-66 -92 -71 0
-25 -50 88 0
-11 37 -52 0
74 -46 75 0
44 72 -87 0
14 -55 95 0
-60 86 87 0
74 72 19 0
-4 -51 -94 0
73 -8 -10 0
76 -28 38 0
-58 -1 60 0
68 73 82 0
-18 39 -85 0
-32 -94 100 0
57 -50 59 0
9 -71 34 0
86 65 7 0
8 -5 -2 0
-26 -41 -64 0
-34 -28 -48 0
32 -40 -65 0
-100 -29 -75 0
-79 -38 73 0
-22 49 -3 0
-15 47 49 0
69 -99 -96 0
78 -93 -48 0
36 82 -99 0
-69 -24 -21 0
92 -29 -36 0
-8 44 96 0
-73 45 -85 0
-45 -9 82 0
30 -99 12 0
90 -59 31 0
-65 66 3 0
-94 -86 -75 0
-7 55 -28 0
79 -78 64 0
-16 -17 52 0
-90 79 23 0
49 -61 88 0
-43 -1 -76 0
57 11 48 0
-44 -29 -28 0
87 86 17 0
-8 -98 -96 0
94 27 20 0
