c instance by G2
c solution = 0011101110011011000000000001010010111100010110010101000010100010001011110110110111100110010110010100
c Known solution cost is 2781 
p cnf 100 100
w 94 72 27 75 75 14 68 48 24 65 4 33 68 37 98 35 11 80 34 99 16 26 22 11 35 24 39 73 69 15 48 73 9 3 92 81 97 87 51 50 53 84 45 100 45 10 64 26 13 44 73 29 58 69 6 78 39 53 91 76 14 37 82 47 1 94 100 54 40 55 46 18 94 99 87 75 31 88 45 81 94 35 14 17 15 100 30 56 66 38 12 84 77 32 59 98 1 21 20 40
17 -40 32 0
-18 -30 26 0
41 -43 -36 0
-14 -35 6 0
-75 -96 -20 0
99 38 66 0
-8 63 56 0
-67 -37 -23 0
-87 97 -73 0
-49 58 31 0
-10 79 -30 0
-12 -36 30 0
78 -35 -7 0
91 -75 -25 0
81 -12 -71 0
-5 93 -59 0
-95 -69 -87 0
-21 19 85 0
-7 26 -47 0
86 -36 21 0
-82 7 -78 0
-45 -1 29 0
25 -54 -30 0
-94 97 -74 0
-9 62 8 0
-8 -71 -17 0
-22 21 -8 0
-68 -63 40 0
66 92 -71 0
-67 13 -36 0
-59 -15 36 0
-6 49 26 0
-89 -7 76 0
-87 -100 53 0
54 69 23 0
-76 -52 47 0
-53 -80 -15 0
-96 44 -42 0
-58 -74 -45 0
45 -38 55 0
-28 83 97 0
19 76 72 0
-90 99 75 0
49 84 42 0
85 88 35 0
-41 -87 34 0
-85 -57 32 0
90 99 -86 0
46 -90 98 0
-37 11 -31 0
-67 -24 -7 0
-61 95 -44 0
58 -27 18 0
43 29 -19 0
-26 -28 -15 0
-3 50 61 0
-4 -65 -52 0
-87 57 -28 0
-60 -37 19 0
82 61 -78 0
-90 -84 66 0
-46 -81 47 0
95 -36 9 0
14 95 -2 0
87 -7 91 0
5 -52 -50 0
15 14 -35 0
55 59 18 0
46 77 14 0
-39 -9 29 0
-64 91 34 0
80 -93 88 0
4 29 -44 0
47 -88 100 0
97 26 -66 0
-29 -8 -96 0
39 43 -32 0
37 -4 -7 0
54 -97 73 0
61 -51 55 0
-72 -13 28 0
70 94 41 0
96 -83 58 0
-79 -57 88 0
-13 3 55 0
-13 91 71 0
16 20 -9 0
-12 -8 67 0
-55 -81 68 0
-93 -34 -13 0
91 12 56 0
65 -72 33 0
-90 66 74 0
88 56 -62 0
-3 51 -56 0
-99 -83 -98 0
-91 34 -7 0
52 -71 76 0
-11 -37 -93 0
48 32 -92 0
