c instance by G2
c solution = 0101111010000011101000001010001000000111011101111001000011001111111111001011110110000001011111010010
c Known solution cost is 2571 
p cnf 100 100
w 24 10 90 9 72 35 75 59 92 25 89 29 23 92 38 92 37 57 60 11 24 73 82 44 57 40 42 16 14 44 59 75 41 54 51 75 62 4 71 5 19 5 6 72 2 23 41 3 94 15 74 98 40 35 56 17 60 84 44 37 87 95 9 3 9 25 89 85 94 69 35 67 73 89 42 80 61 91 57 6 4 92 84 13 24 52 26 57 5 92 78 26 22 39 72 69 92 60 22 100
90 50 23 0
39 -78 -49 0
3 -9 78 0
51 -78 -20 0
-99 -67 7 0
25 35 -76 0
3 -86 32 0
49 35 -25 0
-69 -85 -67 0
-31 -15 -56 0
85 34 -11 0
24 -45 1 0
82 66 1 0
-29 -43 51 0
-39 -79 -91 0
88 50 28 0
75 35 -38 0
-43 -33 -17 0
-92 26 62 0
-93 -91 -51 0
87 -53 13 0
-16 58 -65 0
40 36 -4 0
36 -69 -32 0
74 99 35 0
-80 92 85 0
15 8 -52 0
33 57 -25 0
53 42 72 0
47 79 45 0
-10 -6 56 0
3 -6 -41 0
-57 -70 -1 0
-63 17 18 0
20 -15 5 0
-25 51 63 0
1 12 -50 0
-9 79 -55 0
97 68 98 0
-67 -28 -39 0
53 -93 -21 0
3 -100 -69 0
-60 87 29 0
36 70 23 0
34 -68 43 0
-93 -66 27 0
8 20 -23 0
-6 -16 -71 0
-30 -46 29 0
-15 100 93 0
-31 -14 87 0
-16 38 11 0
-39 95 -82 0
13 -68 16 0
45 -12 -31 0
9 -96 -67 0
-44 80 55 0
94 -6 60 0
-18 32 -77 0
-46 6 30 0
29 -26 54 0
-66 14 -95 0
-13 20 -93 0
12 67 59 0
-75 23 -36 0
50 81 45 0
-80 84 -35 0
-70 -72 -19 0
-24 1 32 0
-7 3 44 0
89 73 -70 0
33 48 -65 0
23 -89 -6 0
61 35 74 0
2 -16 -91 0
-37 23 72 0
-69 -17 -84 0
-8 71 -16 0
-16 -54 20 0
-93 -81 76 0
-59 20 -47 0
-4 31 -61 0
4 89 41 0
-39 -5 46 0
-31 65 84 0
-81 69 32 0
-42 72 19 0
-69 23 91 0
33 64 59 0
-87 35 84 0
-93 96 -67 0
35 -49 52 0
-22 -7 -25 0
-3 41 100 0
-43 85 -34 0
11 77 12 0
8 10 -74 0
56 -83 22 0
-6 -98 -61 0
-94 -97 -38 0
