c instance by G2
c solution = 0110110100001011011010001011010101111010001111101000111000001001010100011111101000100110000100000001
c Known solution cost is 2728 
p cnf 100 100
w 75 91 89 53 36 64 5 60 67 76 23 35 21 8 98 99 55 81 78 45 45 84 16 38 4 32 60 91 62 42 94 78 45 43 17 98 78 86 45 36 43 17 52 50 44 88 33 60 95 89 89 46 84 85 82 75 92 19 78 91 66 94 57 98 55 9 2 73 92 59 77 27 65 65 59 24 32 39 63 20 97 54 13 77 67 14 91 12 67 64 35 81 7 20 54 74 88 30 52 17
-13 -77 -7 0
-33 -6 -16 0
42 -65 -36 0
-12 93 95 0
67 8 7 0
51 -93 -55 0
32 -87 9 0
97 63 83 0
94 -29 81 0
-43 -76 87 0
-52 98 -53 0
80 -34 27 0
-89 -72 -37 0
91 -10 51 0
-94 93 -3 0
-90 -37 63 0
-54 -46 74 0
-26 99 91 0
66 -72 -3 0
-76 47 -5 0
53 78 -21 0
-100 95 -38 0
-79 -95 11 0
18 57 97 0
60 49 -15 0
-60 24 -73 0
50 28 -15 0
-28 71 100 0
80 -2 -88 0
-98 -86 -55 0
50 -25 19 0
-35 65 39 0
11 82 55 0
-16 11 46 0
25 14 63 0
-45 3 91 0
-14 42 12 0
-97 57 9 0
-74 43 80 0
-86 -37 -41 0
-47 -20 42 0
-45 73 -72 0
-2 90 5 0
-69 -87 -25 0
-43 54 -92 0
-50 -45 41 0
-99 -21 9 0
69 75 -21 0
-91 63 70 0
-22 -25 23 0
82 -96 -53 0
-23 -32 -35 0
35 -79 -25 0
17 76 -19 0
-11 99 94 0
-86 44 22 0
98 -71 97 0
-77 12 -78 0
86 97 90 0
30 -77 52 0
-77 -4 81 0
-19 72 12 0
-3 -27 -70 0
79 58 -3 0
58 -5 -84 0
93 15 -68 0
96 -64 -81 0
41 -62 50 0
-2 -40 70 0
-63 14 94 0
-64 -9 7 0
78 95 16 0
95 -82 70 0
85 -42 96 0
41 -6 61 0
-2 97 37 0
48 58 -85 0
-1 -72 -87 0
21 78 -49 0
-6 -57 33 0
-59 -35 11 0
77 42 -39 0
93 -36 -56 0
70 4 -31 0
69 36 31 0
85 -80 57 0
60 -86 34 0
-25 -58 42 0
-87 45 63 0
-6 -36 -67 0
67 64 26 0
-47 92 97 0
-51 -92 12 0
93 -43 2 0
-32 68 20 0
78 -48 96 0
88 -32 6 0
-46 -24 -36 0
-27 13 71 0
-17 78 89 0
