c instance by G2
c solution = 0011001100101100010010001011001110110011011111111001100000011001010100001100111101100011010000000011
c Known solution cost is 2340 
p cnf 100 100
w 77 81 19 69 2 93 38 30 78 90 81 94 20 61 54 72 17 99 79 1 45 91 25 47 31 98 59 72 40 7 3 31 85 72 50 60 45 8 66 4 67 29 78 35 32 48 68 56 43 2 98 92 32 82 1 76 93 37 32 80 19 28 33 56 98 15 83 64 43 100 39 9 86 71 48 92 14 99 14 57 67 20 1 6 23 86 72 70 55 90 73 37 24 22 67 8 18 61 44 32
-95 94 -13 0
-90 -30 -28 0
-18 -91 -47 0
51 5 -86 0
99 -32 1 0
75 -70 -47 0
88 37 76 0
96 39 22 0
69 -75 98 0
-54 69 -33 0
-43 -55 19 0
-77 -72 -78 0
-11 -31 8 0
-20 30 -7 0
51 -4 -94 0
54 58 31 0
-15 -14 -79 0
-60 -87 79 0
65 -58 17 0
-79 9 -12 0
-78 -1 12 0
51 -73 82 0
22 68 -8 0
-96 16 -82 0
-10 -61 5 0
-27 57 33 0
69 58 64 0
-61 -14 32 0
59 -8 100 0
-18 -66 -69 0
-16 -73 97 0
41 36 20 0
87 -14 -21 0
11 54 -53 0
78 30 -11 0
-2 9 -52 0
86 -28 -81 0
95 84 -29 0
43 -3 89 0
57 -34 -53 0
-17 -32 6 0
-36 -47 -37 0
40 37 29 0
54 35 30 0
93 19 52 0
94 -90 -71 0
48 12 29 0
94 -93 98 0
-100 3 56 0
-43 81 -50 0
-76 -46 59 0
-60 94 47 0
-25 -68 60 0
-28 65 -23 0
41 -63 96 0
28 71 -14 0
30 55 -89 0
61 30 50 0
71 -35 46 0
-24 -52 10 0
-82 96 -5 0
41 -38 -77 0
53 63 19 0
-85 -53 62 0
-88 13 51 0
24 -82 66 0
-61 -62 94 0
38 -8 -98 0
-32 -19 -82 0
-92 56 -48 0
-6 93 5 0
-22 -32 84 0
37 -9 69 0
73 2 -80 0
18 -33 -88 0
41 50 -67 0
-47 54 14 0
-18 76 27 0
19 55 -97 0
-26 -68 -18 0
96 -66 44 0
-33 -44 7 0
-57 -36 67 0
-7 6 42 0
2 21 97 0
50 45 29 0
-13 -68 77 0
-51 -21 -60 0
29 -14 83 0
97 74 -52 0
63 -84 -43 0
50 -41 -66 0
4 2 -46 0
-44 -36 -59 0
24 -33 25 0
-65 81 51 0
37 -74 -56 0
90 -27 63 0
80 -8 96 0
49 -8 95 0
