c instance by G2
c solution = 1101111001101011010111010001100101101111001100100101001101001010110011010010010111111100010110110010
c Known solution cost is 2813 
p cnf 100 100
w 57 4 21 66 77 60 82 81 11 72 90 93 83 62 94 28 60 85 37 42 9 54 68 2 93 31 91 92 61 59 92 11 25 78 28 22 63 60 100 25 33 81 37 21 3 96 52 29 2 34 17 98 86 92 38 31 100 9 10 32 50 24 51 85 90 46 64 17 41 13 10 11 36 46 20 33 24 33 71 76 95 86 44 99 4 26 5 83 14 33 58 97 45 74 100 5 40 33 5 89
-78 -68 57 0
-49 -96 -5 0
53 62 6 0
33 88 -77 0
-29 21 87 0
-38 -53 59 0
12 -25 53 0
-55 -52 -36 0
99 33 -44 0
23 -14 42 0
-35 88 -51 0
-22 -24 -19 0
100 -98 88 0
-99 89 96 0
-38 -87 -56 0
-30 -35 9 0
-10 14 18 0
95 -58 49 0
67 31 93 0
-91 -55 -63 0
-95 39 19 0
-9 -10 -5 0
-15 53 32 0
-17 -15 26 0
-12 -15 -18 0
81 -84 57 0
-38 64 -76 0
-27 -72 -86 0
27 -100 -39 0
54 -60 14 0
-84 24 36 0
-5 2 27 0
62 51 -94 0
-18 89 22 0
85 -96 57 0
-44 65 89 0
-72 -38 52 0
79 54 13 0
-16 -79 36 0
86 33 -39 0
5 -18 36 0
-11 83 -95 0
14 -22 -74 0
-73 26 -66 0
-32 76 34 0
-26 53 -15 0
89 17 55 0
-33 9 45 0
-63 -48 -96 0
14 77 -71 0
28 88 97 0
8 15 89 0
-84 -37 63 0
-41 -15 -80 0
8 -97 23 0
70 -18 -66 0
-75 -89 27 0
-6 38 -84 0
-95 -23 -21 0
56 45 -69 0
-83 1 -40 0
29 -35 -69 0
66 -90 77 0
-83 33 72 0
94 -46 60 0
-52 -3 -95 0
48 -40 43 0
49 -45 -90 0
78 76 91 0
-11 75 79 0
-64 -6 -58 0
51 26 -62 0
57 37 -15 0
40 -7 64 0
-59 94 -35 0
25 -57 -58 0
27 54 -8 0
-90 -54 9 0
-44 -84 7 0
42 -90 4 0
92 -16 77 0
44 -15 -39 0
-44 58 60 0
100 10 -52 0
48 -83 80 0
100 16 49 0
-11 35 25 0
11 31 87 0
-65 68 -31 0
-4 84 -63 0
60 68 90 0
-61 3 82 0
45 -4 50 0
-1 51 -42 0
36 -70 -67 0
-11 61 -58 0
-11 69 42 0
-13 57 47 0
42 20 -85 0
59 -88 -20 0
