c instance by G2
c solution = 1001001110010110111001100011100111110100000100111101011101011001011100011101011000100001000011011100
c Known solution cost is 2138 
p cnf 100 100
w 86 36 87 14 10 4 1 42 53 78 63 92 8 50 10 59 19 92 99 72 8 21 47 47 83 38 53 89 17 11 69 11 12 12 71 77 74 89 74 1 14 34 30 57 88 25 49 48 71 22 14 43 92 90 16 26 47 54 16 28 14 77 13 55 15 38 61 34 5 33 60 17 7 23 57 19 75 33 4 86 7 97 49 49 31 79 71 65 79 12 19 67 11 89 67 27 4 27 55 81
-97 10 32 0
84 16 12 0
72 -48 26 0
-69 70 -94 0
-35 47 -36 0
90 -66 -71 0
89 -72 1 0
39 34 43 0
-12 -34 -100 0
-4 -98 83 0
-88 25 14 0
75 -77 13 0
41 49 21 0
13 44 -74 0
79 2 -60 0
-88 67 21 0
2 31 64 0
-51 -17 -68 0
82 99 -30 0
-66 39 -65 0
-60 43 -10 0
65 16 28 0
-21 62 63 0
-96 -23 50 0
45 -80 -29 0
-9 -13 -67 0
27 -8 39 0
-79 82 -91 0
-64 -44 -75 0
-63 -49 -52 0
65 -6 -44 0
74 -7 16 0
-94 -83 17 0
91 8 -49 0
9 -74 80 0
11 -62 84 0
75 -59 -12 0
-11 85 -73 0
69 51 -37 0
19 -15 -48 0
45 23 -88 0
84 93 -50 0
-96 63 -42 0
-94 -99 46 0
-39 -9 -36 0
-46 -32 6 0
25 55 -1 0
-85 70 -54 0
3 -15 -2 0
22 13 -14 0
-17 -56 35 0
-41 99 24 0
76 39 -55 0
40 13 60 0
-66 -81 -58 0
52 85 89 0
-20 -19 -48 0
51 2 88 0
-26 37 2 0
-45 -88 -22 0
-56 91 -24 0
-5 -55 40 0
-97 41 7 0
46 10 38 0
4 45 -33 0
3 -67 -90 0
51 -72 29 0
95 -82 -8 0
-66 73 70 0
5 33 95 0
85 -78 58 0
86 -28 15 0
-72 53 -57 0
61 -9 -23 0
78 10 -73 0
18 75 95 0
59 -25 -67 0
-47 66 95 0
26 -86 70 0
-49 -54 48 0
71 -60 -40 0
-73 -1 -31 0
-4 5 -87 0
84 -43 40 0
-3 13 69 0
56 86 87 0
51 97 -61 0
65 91 54 0
-92 -78 71 0
-60 -83 -84 0
26 -32 -89 0
39 -52 -95 0
57 -27 96 0
25 98 69 0
-97 -16 -64 0
59 68 -29 0
94 -32 71 0
-54 -70 65 0
36 -58 75 0
45 -53 10 0
