c instance by G2
c solution = 1000100111001100111110010100111100100100001111011001001101000000110011010000101110110000000111110010
c Known solution cost is 2273 
p cnf 100 100
w 39 1 32 55 98 97 37 80 41 28 65 62 8 14 23 61 26 80 12 66 11 89 28 24 75 33 44 11 68 74 66 84 99 100 54 100 32 5 23 88 27 13 70 79 83 72 14 13 93 2 13 48 34 13 54 63 2 53 35 10 41 60 100 91 36 49 35 86 51 2 62 40 86 17 92 21 54 11 24 77 31 93 78 86 48 86 51 69 81 24 18 20 1 58 36 15 66 54 76 94
-99 -6 40 0
-98 -14 -8 0
76 -92 81 0
-47 86 89 0
68 -31 -36 0
57 37 -100 0
14 85 4 0
-5 -53 12 0
16 -92 10 0
5 59 -69 0
7 -92 44 0
74 96 12 0
92 -13 97 0
64 3 -4 0
-67 74 90 0
-73 11 62 0
-61 -17 68 0
-80 98 43 0
71 -37 86 0
55 40 -72 0
69 50 -8 0
-39 61 57 0
-57 -38 41 0
39 -30 -22 0
40 -48 17 0
-81 -76 -80 0
84 -94 -10 0
-35 36 -87 0
-77 51 30 0
-94 19 -95 0
57 11 -75 0
22 68 56 0
13 -81 -44 0
28 -34 71 0
-80 -25 -70 0
-70 -50 -17 0
77 -17 -30 0
-55 -72 45 0
16 -70 -60 0
15 58 42 0
99 -43 60 0
25 -40 -44 0
-97 57 -94 0
-17 -19 32 0
26 -84 27 0
-21 -62 76 0
-95 -79 -68 0
42 -99 29 0
-18 46 33 0
49 -24 -55 0
42 -94 -74 0
86 -84 -16 0
-2 -10 82 0
39 52 85 0
-23 3 59 0
-46 -59 11 0
71 38 -94 0
-89 -66 91 0
95 75 57 0
-80 -12 37 0
40 79 -20 0
83 87 41 0
12 -94 -11 0
-63 2 23 0
-41 -18 -69 0
37 11 -64 0
66 91 -65 0
-44 31 -81 0
91 -33 7 0
-56 65 60 0
-54 51 88 0
24 -46 11 0
36 -13 8 0
-52 -51 -46 0
-42 -30 71 0
-30 -82 11 0
64 -95 -71 0
57 -49 48 0
97 -3 -30 0
-84 -85 7 0
-96 -20 -86 0
-72 36 -91 0
-88 -31 25 0
-65 20 60 0
-45 94 -93 0
-24 -70 -7 0
-26 42 80 0
-90 -48 -99 0
40 7 70 0
-84 -78 16 0
-28 25 7 0
-27 89 57 0
9 59 90 0
93 91 -29 0
67 78 72 0
1 -96 15 0
-17 -29 -15 0
-19 62 21 0
60 -69 18 0
35 16 -79 0
