c instance by G2
c solution = 0110010101100111100111110100100101101000110000110110100010110111111001000110101010000110001111111001
c Known solution cost is 2879 
p cnf 100 100
w 43 41 96 79 65 43 16 46 92 50 53 73 11 72 48 4 29 55 38 29 72 90 74 66 40 77 79 19 81 12 61 74 80 72 42 51 74 65 12 19 88 77 60 81 80 60 70 39 73 58 4 60 90 38 52 98 3 43 39 31 74 46 75 32 64 29 10 65 49 10 67 25 57 98 77 21 93 2 66 80 100 89 57 3 71 27 93 54 64 100 24 14 39 55 18 58 39 88 76 80
89 99 -33 0
-57 -74 -98 0
-44 -100 -66 0
18 90 53 0
62 -53 -97 0
3 7 44 0
-57 -2 -45 0
91 12 -94 0
10 -42 -21 0
36 -49 52 0
-57 100 68 0
-23 -29 34 0
25 -80 72 0
-5 -62 -59 0
77 89 12 0
29 -47 85 0
-32 -69 82 0
43 -46 27 0
27 26 80 0
74 -17 -47 0
68 -11 65 0
-56 83 33 0
-47 96 -42 0
36 99 14 0
56 5 17 0
40 -48 47 0
-8 -40 -59 0
-32 8 36 0
18 -6 94 0
19 -77 6 0
92 45 30 0
-87 95 -23 0
54 -91 24 0
7 97 -32 0
-17 -2 -31 0
-12 -10 -22 0
-19 -92 -16 0
-22 -38 73 0
43 90 22 0
81 -3 33 0
-96 -34 67 0
-52 55 -50 0
89 30 -55 0
69 -2 -78 0
16 -96 -23 0
-65 76 70 0
-76 -41 -91 0
88 51 -26 0
-96 -82 71 0
38 -15 20 0
-95 -72 -96 0
-47 21 1 0
23 58 9 0
-28 40 25 0
79 78 27 0
-81 49 -88 0
76 60 52 0
-1 52 49 0
50 56 -37 0
18 -48 35 0
-65 -7 -50 0
39 64 -50 0
59 -60 -74 0
-23 19 -4 0
-59 -99 -20 0
58 66 82 0
61 33 63 0
25 -9 -79 0
-84 73 7 0
-48 49 -27 0
85 33 -58 0
-75 37 39 0
69 -83 56 0
-13 52 -47 0
-64 75 -50 0
84 -85 -47 0
-100 -32 -39 0
-90 25 -2 0
-59 -15 57 0
11 82 -17 0
93 -10 28 0
15 58 46 0
9 -73 52 0
42 -20 -47 0
-21 90 32 0
52 89 86 0
-6 -91 87 0
72 -34 -43 0
49 -36 -20 0
78 -87 41 0
-79 -15 -89 0
-87 56 -68 0
-81 -25 -6 0
89 90 48 0
-71 -81 -97 0
7 -30 19 0
-18 -34 -59 0
2 30 45 0
46 -54 30 0
-61 -65 88 0
