c instance by G2
c solution = 1010111000001111011011000011010001101001001100110010100111111111000110100110011000110100011100110010
c Known solution cost is 2740 
p cnf 100 100
w 99 44 11 28 81 26 53 51 61 31 87 68 81 27 87 82 45 61 78 98 68 30 11 57 31 10 50 98 49 52 67 62 81 51 59 66 91 7 7 53 84 39 22 92 35 66 32 31 36 14 7 3 92 12 86 26 50 43 29 96 18 47 49 24 99 79 41 6 48 48 65 97 62 60 44 78 65 85 27 47 100 27 55 67 82 69 53 72 20 81 38 69 26 13 25 88 47 2 17 81
66 -56 40 0
-54 -14 -59 0
-88 -95 -13 0
-48 -28 -20 0
-38 -53 65 0
100 86 -64 0
-24 -61 -56 0
61 25 20 0
63 -91 93 0
-26 25 4 0
-95 78 -64 0
-9 66 -16 0
65 -4 10 0
12 -83 79 0
-91 34 -13 0
88 98 83 0
-10 17 -44 0
41 -79 -49 0
-56 92 -61 0
-7 -28 -80 0
-66 52 20 0
55 14 -51 0
-7 90 66 0
-37 3 45 0
-18 -34 -82 0
-50 -27 -74 0
-36 4 -58 0
32 -8 46 0
-87 17 -84 0
99 -96 -30 0
33 55 -23 0
46 22 -47 0
-35 -57 -42 0
47 4 73 0
81 -85 -48 0
-33 -7 80 0
93 8 84 0
29 46 -2 0
-91 -90 35 0
10 -35 -55 0
-1 -32 -95 0
-13 60 9 0
-41 98 70 0
30 42 20 0
74 45 -15 0
11 33 57 0
25 -93 12 0
72 19 49 0
-46 -13 -59 0
81 1 -21 0
43 -6 -13 0
53 36 38 0
26 54 -17 0
-18 16 87 0
-31 2 -30 0
-13 71 9 0
81 45 62 0
-15 -76 8 0
-89 29 33 0
93 -6 -94 0
44 100 49 0
-68 -7 -72 0
87 -95 37 0
-96 -45 98 0
15 -84 38 0
31 -70 32 0
-28 -86 18 0
-67 -63 -35 0
93 95 -47 0
-60 -92 28 0
12 56 -18 0
-5 -100 -37 0
97 12 -29 0
45 -65 -79 0
-78 -96 -73 0
46 -11 -3 0
21 -43 -16 0
27 46 -74 0
58 65 -64 0
85 68 81 0
-1 69 46 0
65 -25 -13 0
36 -83 91 0
26 7 -59 0
39 97 75 0
64 80 -75 0
-39 -61 9 0
-16 -98 94 0
-62 -81 65 0
98 87 13 0
96 49 25 0
17 12 51 0
-74 -52 80 0
-3 4 5 0
6 -58 -56 0
26 -77 -28 0
76 36 -97 0
70 46 59 0
48 -53 -83 0
39 -12 70 0
