c instance by G2
c solution = 0000001100010000111010000001010011111110101011011111101111100111000100101100100011100111011111010101
c Known solution cost is 2168 
p cnf 100 100
w 5 88 32 96 71 88 92 73 2 19 21 31 50 4 72 90 9 66 5 78 99 57 15 82 87 55 31 11 30 92 60 72 59 11 31 45 38 61 52 77 47 31 8 35 52 27 18 73 10 20 21 2 36 10 60 50 49 4 95 97 29 21 47 9 83 73 28 45 32 62 42 6 63 74 69 98 1 36 96 21 38 53 33 37 13 63 53 26 12 36 7 3 9 85 6 67 52 29 39 35
75 -21 87 0
-59 -28 -32 0
-86 51 -38 0
58 42 -46 0
23 18 14 0
7 -50 24 0
-97 -96 2 0
-63 29 -20 0
16 89 -24 0
14 64 85 0
6 -100 -66 0
-7 10 81 0
62 40 6 0
95 89 33 0
-99 3 42 0
-41 43 22 0
-60 67 79 0
-23 -87 -50 0
-77 -57 82 0
84 63 67 0
48 26 10 0
6 24 -16 0
85 59 -94 0
-49 -88 -95 0
14 -71 36 0
77 25 -57 0
-100 38 -37 0
-68 -50 -2 0
-7 -29 -12 0
-27 22 16 0
-56 13 -1 0
2 100 1 0
67 -7 -61 0
15 -28 -67 0
20 -86 -9 0
13 84 37 0
-42 -39 -59 0
-22 10 -46 0
11 10 57 0
6 -83 -4 0
-70 -21 -71 0
-25 -96 89 0
-13 80 1 0
-45 -65 44 0
99 -80 -57 0
-15 -36 5 0
34 -36 -73 0
-28 56 -8 0
-77 70 -31 0
-59 -37 28 0
85 17 -98 0
99 -71 39 0
55 -82 -57 0
-63 -10 -94 0
-62 -37 46 0
44 -85 9 0
-48 9 45 0
-56 32 19 0
-7 -37 -5 0
-35 -73 -72 0
83 -21 -43 0
-33 -78 -56 0
26 53 -68 0
68 69 24 0
-28 -40 -58 0
-57 95 98 0
31 -34 91 0
-56 71 79 0
73 -91 -82 0
-19 21 -37 0
-7 -89 -17 0
60 -73 -79 0
-3 72 -63 0
-75 13 -12 0
52 97 89 0
-55 5 -44 0
-86 41 4 0
76 95 50 0
32 35 22 0
-84 65 -19 0
92 -52 -34 0
-35 94 -77 0
40 -58 -69 0
70 74 60 0
-38 -54 75 0
88 16 1 0
-28 12 -86 0
-47 -82 99 0
78 -76 54 0
79 96 89 0
-11 -45 -87 0
29 -14 54 0
49 75 5 0
90 -100 89 0
-7 95 -26 0
67 -88 86 0
-33 61 93 0
-6 27 25 0
8 -68 24 0
-71 11 30 0
