c instance by G2
c solution = 0110000011011011010011001111011011011000010111000101000001010010010010010111001110011110010101000011
c Known solution cost is 2296 
p cnf 100 100
w 18 91 48 49 35 16 77 76 9 57 84 49 93 21 4 79 25 37 31 33 13 82 14 31 15 44 61 94 26 32 13 37 13 91 30 80 2 36 55 21 82 35 7 63 89 21 87 79 60 11 76 21 77 9 49 59 72 74 32 7 61 41 19 24 95 86 61 9 5 42 33 68 38 64 89 72 88 57 14 62 36 79 50 23 21 99 92 14 91 10 42 20 18 21 69 94 83 79 75 92
-30 -90 60 0
-11 91 -52 0
47 -91 41 0
-77 23 59 0
-37 -63 -88 0
88 77 -41 0
55 79 -86 0
58 -94 -13 0
-92 93 25 0
32 -9 81 0
-33 19 85 0
-52 24 33 0
-3 -18 28 0
-5 55 -10 0
-17 4 -34 0
-55 93 -25 0
-42 68 -39 0
-49 -2 83 0
55 5 90 0
95 86 67 0
78 -81 -83 0
82 72 -63 0
32 -18 -64 0
-56 -85 73 0
23 98 -51 0
55 3 -21 0
-98 70 49 0
14 -75 -20 0
-32 -86 4 0
31 -2 65 0
59 14 10 0
-8 19 -12 0
96 13 73 0
94 49 41 0
97 64 63 0
-46 2 97 0
56 -95 -44 0
82 29 34 0
-86 89 -4 0
53 -87 16 0
-47 -31 -74 0
-52 37 24 0
77 69 -90 0
18 -86 23 0
59 -99 87 0
-48 6 -28 0
40 -22 -59 0
14 71 100 0
-37 77 -29 0
57 9 -84 0
61 46 68 0
-26 -15 22 0
-19 -9 -26 0
24 -35 -50 0
78 -82 95 0
-23 39 -92 0
36 -66 -27 0
-13 -43 -85 0
66 57 54 0
15 19 82 0
-28 44 -52 0
-37 -63 45 0
-3 17 74 0
-75 -45 -73 0
-28 -78 -34 0
-86 -36 -93 0
65 -50 -1 0
-72 54 99 0
51 -12 80 0
-71 -84 91 0
-26 -68 88 0
43 35 30 0
-45 97 -57 0
-94 -46 -70 0
-66 21 19 0
51 7 -67 0
-15 -62 14 0
57 -61 40 0
75 -21 -28 0
27 -37 -45 0
20 26 55 0
12 19 -3 0
-97 -22 -94 0
-96 4 -63 0
-53 8 95 0
49 -14 -84 0
93 84 -36 0
42 1 -52 0
53 50 -74 0
-26 -89 -33 0
93 76 -46 0
96 -6 49 0
65 8 -38 0
-72 96 -65 0
-100 -7 19 0
-40 -36 -13 0
17 52 62 0
-46 97 -54 0
93 -24 -27 0
23 67 92 0
