c instance by G2
c solution = 0110110100011001111010100100011010000001010100110001011001110011010010000011111001000010001011111110
c Known solution cost is 2365 
p cnf 100 100
w 74 10 12 47 80 45 66 24 98 100 94 76 9 78 39 22 92 94 10 41 54 93 75 92 42 8 82 41 53 68 39 61 88 24 90 57 63 46 52 67 65 36 39 76 87 30 61 76 4 29 17 46 1 38 11 33 15 56 50 70 36 21 88 62 23 51 32 87 54 50 39 42 71 68 34 3 8 39 64 43 88 41 40 3 98 71 81 70 90 47 52 66 34 98 62 73 68 6 54 52
-60 -55 66 0
27 -77 -67 0
-81 -78 -69 0
36 -66 -14 0
-71 -13 28 0
64 41 -12 0
-8 -36 -31 0
11 -68 -33 0
-13 -77 97 0
-92 -47 61 0
-32 4 86 0
8 -17 -5 0
5 10 -48 0
12 -40 -30 0
-99 59 88 0
65 -78 -57 0
85 21 -59 0
50 89 98 0
39 58 -97 0
-85 41 51 0
32 89 55 0
79 36 20 0
89 -35 92 0
-22 -8 81 0
25 32 -27 0
77 20 -60 0
-93 -74 71 0
-19 -55 17 0
6 92 -97 0
-17 -77 -41 0
39 -72 71 0
25 52 -40 0
42 34 -75 0
62 33 -47 0
-25 11 -5 0
47 32 1 0
-49 88 -13 0
-34 14 -75 0
35 -60 -43 0
15 -51 37 0
44 -12 83 0
19 50 -21 0
-56 -78 -42 0
72 37 -84 0
50 -24 -87 0
-30 -83 -17 0
57 36 -70 0
18 -52 -21 0
-48 -9 89 0
1 23 9 0
-37 74 15 0
-98 26 22 0
68 -53 -42 0
-65 -47 -23 0
16 28 15 0
51 45 31 0
-40 -7 -44 0
61 1 -28 0
22 -88 -3 0
-8 -23 -80 0
-95 100 93 0
-29 46 -93 0
-63 48 -16 0
40 -52 67 0
57 54 -91 0
92 -95 87 0
-98 63 -59 0
11 -61 -77 0
69 4 56 0
-63 -73 67 0
50 -100 22 0
14 -18 -4 0
61 84 99 0
-58 91 -23 0
-1 62 -63 0
28 -89 86 0
-91 -33 94 0
-97 2 -63 0
65 80 76 0
-6 95 11 0
-48 75 -64 0
27 -91 -20 0
-17 -50 -96 0
22 -11 83 0
34 -38 -12 0
-86 46 15 0
-45 -12 37 0
10 13 85 0
-39 -6 -82 0
35 96 -98 0
-91 62 30 0
37 -90 67 0
57 61 -46 0
-76 -62 72 0
-94 60 -55 0
85 82 -17 0
-15 -21 -77 0
62 78 -60 0
-87 -12 -10 0
3 34 -78 0
