c instance by G2
c solution = 0100001100011010001011100111101000110111110011010100001001001001101010110000011100010001010000111111
c Known solution cost is 1778 
p cnf 100 100
w 70 32 97 37 73 72 11 36 89 47 9 53 8 32 12 20 32 26 6 20 30 64 72 39 93 13 38 1 1 10 15 32 10 76 15 14 51 93 4 23 18 62 29 39 11 33 7 97 10 40 48 52 54 25 27 20 99 87 2 63 9 47 59 85 97 58 95 35 77 12 31 49 92 32 90 78 47 7 36 46 79 36 13 16 95 44 1 40 15 22 31 87 43 50 57 7 73 18 62 35
20 -76 -46 0
92 84 85 0
-78 -9 33 0
81 31 18 0
-28 -47 49 0
-7 56 67 0
12 4 51 0
-78 -33 -67 0
-2 -23 -1 0
75 94 8 0
-41 -80 -14 0
-13 -75 87 0
87 -17 25 0
25 44 61 0
1 58 87 0
-42 55 -67 0
42 -88 -64 0
3 83 27 0
49 77 -53 0
34 46 74 0
-29 28 -80 0
-35 -8 -52 0
-12 -50 41 0
92 78 66 0
87 -88 -56 0
19 43 -90 0
-65 91 -83 0
-30 -39 1 0
40 -21 -42 0
88 -15 47 0
35 1 82 0
2 94 -31 0
-78 -55 -77 0
89 -59 -78 0
52 -36 -91 0
-84 82 15 0
-69 -4 18 0
-10 82 -61 0
65 83 14 0
-2 -37 14 0
52 -19 -11 0
-90 11 -18 0
-68 -13 16 0
-19 -92 94 0
-54 -2 11 0
62 74 23 0
38 -22 -23 0
-79 -22 -60 0
-27 39 47 0
-88 83 26 0
24 56 48 0
-44 -38 20 0
56 1 79 0
-86 60 51 0
-82 -58 33 0
-40 -57 59 0
70 -87 -22 0
-22 45 -48 0
99 4 87 0
86 96 89 0
-22 -3 76 0
71 94 6 0
80 57 49 0
64 60 73 0
-89 62 3 0
-27 -74 81 0
100 9 -84 0
62 36 -80 0
87 -36 -85 0
-6 -67 -42 0
-94 -100 53 0
-36 72 51 0
-49 16 -31 0
-24 -65 76 0
98 -69 86 0
60 -43 20 0
54 4 -70 0
-21 -66 -12 0
49 -34 85 0
90 16 -88 0
-36 -5 77 0
9 7 -8 0
94 -69 -63 0
-20 60 11 0
50 -15 52 0
13 -55 -96 0
21 59 56 0
81 37 -51 0
77 -25 -65 0
22 37 -27 0
-31 29 -21 0
14 3 -16 0
49 -73 -28 0
-55 -84 -62 0
18 33 69 0
-93 -7 -67 0
95 -46 -29 0
-32 -38 66 0
97 5 -48 0
-81 -36 -27 0
