c instance by G2
c solution = 1110110111000110111110010101001010011001100000110111101100100001110011001001000001100111001011110101
c Known solution cost is 2590 
p cnf 100 100
w 3 69 72 50 61 2 45 1 70 78 72 33 36 42 66 96 1 96 54 7 93 53 78 56 40 59 26 28 68 63 84 48 65 70 82 43 9 51 63 64 73 58 52 52 88 97 78 60 81 64 82 14 58 71 41 87 55 74 31 15 80 22 83 79 24 41 41 30 38 56 88 63 66 31 94 19 16 23 78 50 84 39 26 73 9 45 89 11 65 36 97 4 37 31 75 7 72 73 86 26
-41 35 -81 0
3 -47 25 0
77 -46 16 0
10 -93 -41 0
-98 -94 47 0
-66 -74 58 0
-19 80 -25 0
76 -56 62 0
-61 -2 -47 0
13 -100 -75 0
96 35 77 0
30 95 75 0
30 -13 85 0
-16 -59 -96 0
45 -53 19 0
-1 -94 -60 0
53 34 -20 0
12 80 59 0
80 -33 -84 0
-51 31 62 0
27 -92 -98 0
27 25 65 0
-89 30 78 0
-64 86 77 0
39 -90 97 0
89 54 -72 0
-10 -23 42 0
-100 -49 -52 0
-12 71 -50 0
-83 -73 -58 0
93 -82 11 0
49 36 23 0
52 -41 -100 0
-88 -87 -22 0
-3 44 66 0
-95 -45 -20 0
8 67 62 0
14 -91 -31 0
35 90 -57 0
-39 -14 -5 0
54 -73 26 0
-6 1 -52 0
-47 69 -6 0
20 -5 -95 0
-6 40 22 0
-77 46 97 0
-79 49 -3 0
-43 32 -59 0
-88 -21 51 0
38 17 22 0
6 -82 16 0
89 50 12 0
25 -34 -6 0
100 -59 60 0
-87 55 -37 0
46 41 -10 0
43 -94 -42 0
82 -98 -94 0
-36 18 30 0
-5 -73 91 0
-59 9 -64 0
37 62 -47 0
15 84 -83 0
77 -8 5 0
-48 -99 -10 0
39 -93 21 0
4 -48 -7 0
13 94 11 0
-96 -38 89 0
74 98 27 0
-19 56 -70 0
-3 64 -65 0
-27 16 29 0
-48 -71 92 0
79 70 16 0
-96 45 -35 0
-65 81 24 0
-50 -4 42 0
63 71 87 0
-33 -29 77 0
-41 -67 -93 0
71 -65 -63 0
62 -78 -24 0
78 30 -11 0
75 -36 -97 0
-70 88 75 0
90 -80 25 0
-48 83 -53 0
-30 67 43 0
-66 -32 -86 0
28 -87 29 0
2 -48 49 0
-31 48 -83 0
39 -68 62 0
60 29 73 0
-8 -62 -100 0
-31 -44 75 0
-8 -85 42 0
-59 33 -17 0
-98 -54 35 0
