c instance by G2
c solution = 0000010101101001000101001100110111000001100001111011111110110010010001110110001001111010011001000000
c Known solution cost is 2593 
p cnf 100 100
w 63 35 30 25 62 68 46 52 41 3 37 76 54 59 26 86 67 92 3 9 14 95 87 50 51 62 86 100 87 69 8 73 15 18 52 53 90 60 23 9 43 28 30 1 98 63 6 1 28 35 59 59 15 53 25 84 98 30 80 85 15 64 97 29 16 43 23 20 18 95 96 8 18 51 81 53 5 49 85 50 31 87 50 41 57 89 83 64 52 82 69 43 64 81 56 1 74 17 54 11
-85 83 31 0
64 -37 -87 0
-80 27 -11 0
70 39 31 0
10 64 36 0
-39 -71 61 0
92 31 41 0
51 -74 96 0
-72 90 -52 0
58 77 -27 0
88 48 -52 0
-41 -85 46 0
69 -48 -65 0
28 78 -9 0
-24 -84 14 0
-72 62 -89 0
-56 45 33 0
69 -54 -62 0
76 88 -3 0
71 -83 17 0
18 89 -99 0
-32 -83 -4 0
-97 -66 61 0
-40 35 -19 0
89 -73 77 0
79 31 62 0
84 -72 95 0
37 81 -61 0
3 43 -23 0
65 -83 52 0
-20 18 29 0
-16 -50 81 0
92 38 22 0
-41 47 36 0
-17 -34 -52 0
58 54 -66 0
97 32 96 0
11 -63 15 0
7 -83 -38 0
-32 44 -77 0
7 -92 17 0
-84 7 53 0
86 9 -96 0
74 -54 39 0
-52 -33 -21 0
-53 7 -78 0
94 9 100 0
-88 -75 50 0
-58 -8 4 0
25 -70 35 0
60 -16 -75 0
68 31 63 0
-93 45 36 0
-60 -16 85 0
-32 39 59 0
39 3 -14 0
-51 -54 -5 0
-18 -48 -66 0
-82 -53 6 0
55 3 -70 0
-95 86 39 0
-45 -6 28 0
-7 -20 -75 0
-75 -85 66 0
43 40 -49 0
13 27 4 0
50 36 20 0
78 -81 -85 0
-13 38 -2 0
-46 -100 19 0
-74 -85 -69 0
-28 3 -90 0
-94 -66 34 0
42 -44 -20 0
95 78 87 0
-94 68 -98 0
-74 65 57 0
73 69 -43 0
-32 -22 -12 0
72 14 78 0
76 -53 91 0
38 30 -16 0
5 -79 -68 0
39 -35 -91 0
97 -11 -42 0
-86 7 -84 0
16 5 17 0
-79 49 99 0
8 65 98 0
-48 -33 -1 0
-84 -53 56 0
-76 42 -32 0
21 -31 -71 0
69 -67 -54 0
82 100 50 0
-15 -70 -40 0
43 -36 38 0
-70 75 92 0
99 26 21 0
-64 27 -87 0
