c instance by G2
c solution = 1101110110001010001001000000001100001100001110101010100100001000001001000000010010111110011011100101
c Known solution cost is 2254 
p cnf 100 100
w 76 92 61 32 80 88 74 24 21 57 33 28 47 81 87 2 13 84 90 49 69 66 71 20 15 61 52 67 88 48 7 72 35 3 35 1 99 98 79 70 10 100 13 35 44 18 81 27 89 41 36 62 42 41 89 35 98 42 32 18 95 83 64 92 17 43 33 73 82 12 36 38 63 40 23 2 77 49 90 39 34 60 36 36 30 29 49 49 21 85 94 39 27 55 78 73 19 85 41 73
77 100 46 0
-29 -32 75 0
-72 89 -19 0
69 65 -50 0
-64 -32 39 0
88 -19 -17 0
60 29 67 0
-23 26 30 0
-90 -36 21 0
-49 -22 37 0
-90 27 -39 0
-53 -79 24 0
39 -52 29 0
-57 -90 -95 0
23 10 -16 0
11 27 -18 0
-78 -1 8 0
79 2 11 0
-70 -63 16 0
61 59 -93 0
-7 25 -43 0
-49 56 -93 0
46 73 -89 0
82 16 47 0
31 -9 -4 0
43 48 -45 0
-2 58 51 0
-78 -10 3 0
-54 28 -56 0
38 -90 62 0
-12 76 -8 0
35 80 -65 0
-99 11 29 0
-27 68 -91 0
88 -24 -100 0
7 13 -98 0
80 27 -21 0
-56 -33 46 0
-98 9 3 0
-75 -9 -94 0
-28 -56 -84 0
28 65 -40 0
21 -59 -8 0
95 -6 71 0
-9 48 -55 0
-22 55 -41 0
-61 -35 63 0
-45 -38 -58 0
-66 -19 -100 0
28 33 84 0
-85 -98 -14 0
66 40 78 0
-93 55 87 0
22 58 -90 0
15 69 28 0
49 -91 59 0
25 5 89 0
82 -68 -86 0
-61 48 85 0
-100 10 93 0
-91 -73 -9 0
-8 88 86 0
-30 54 40 0
30 25 90 0
-100 -96 -44 0
68 -11 54 0
-43 4 79 0
79 -31 94 0
53 41 96 0
-46 34 -95 0
69 20 -60 0
-85 -42 54 0
32 73 79 0
-74 80 -51 0
58 27 -26 0
98 -15 -8 0
-1 65 -69 0
83 -32 -91 0
72 6 -90 0
14 81 -31 0
-44 45 71 0
-78 16 -76 0
55 -44 -82 0
-34 17 79 0
46 -48 -9 0
-32 -20 -53 0
-77 -56 30 0
-80 -84 30 0
19 48 -47 0
-53 89 -88 0
75 65 -62 0
-84 14 44 0
-93 52 -71 0
-97 -37 11 0
29 -9 -25 0
99 7 -3 0
-8 1 -100 0
-92 -47 68 0
3 70 16 0
-8 54 91 0
