c instance by G2
c solution = 0010011010110010100000101100111110101000010101011110111101001000100111110100110011000110011000101000
c Known solution cost is 2328 
p cnf 100 100
w 64 78 20 75 10 84 14 31 66 35 8 2 16 20 58 15 84 16 65 40 35 75 27 49 81 98 87 65 67 32 74 96 87 64 55 21 33 31 53 67 24 97 41 46 70 30 64 35 66 43 61 7 22 3 63 90 62 56 19 32 38 80 22 99 69 19 6 11 77 50 77 34 61 77 79 33 22 15 92 98 15 40 55 65 29 9 13 51 41 17 87 93 91 80 24 84 55 61 5 74
-76 100 -12 0
77 98 -3 0
-59 -7 -12 0
89 7 -72 0
60 80 -36 0
-5 66 -55 0
66 -37 82 0
57 -24 -87 0
83 -53 68 0
-6 93 -99 0
55 -42 -87 0
66 -48 6 0
-3 -81 58 0
-20 80 -3 0
41 35 -6 0
-79 -86 100 0
5 1 -60 0
67 5 37 0
66 17 -82 0
-37 -69 -28 0
-23 54 85 0
-89 -30 -25 0
-8 -95 -53 0
5 -27 -51 0
-38 -25 4 0
-21 -30 -70 0
-93 28 73 0
60 -15 -43 0
93 -14 -15 0
-2 85 98 0
15 -33 4 0
80 30 4 0
-18 -48 66 0
-35 51 20 0
-98 21 4 0
19 -85 -86 0
94 67 -34 0
19 -15 -63 0
1 -6 69 0
47 -73 -15 0
92 -26 -16 0
-66 57 -53 0
86 63 -17 0
53 -12 76 0
-46 -84 96 0
74 -72 -42 0
59 -55 61 0
-61 -100 5 0
3 2 24 0
14 -91 65 0
10 -30 9 0
44 36 -54 0
12 85 -90 0
72 62 34 0
18 -10 -23 0
8 42 100 0
73 56 -44 0
-30 96 26 0
-45 -29 -90 0
-47 52 89 0
-51 96 -19 0
-67 80 -97 0
90 89 67 0
21 -13 -48 0
25 22 96 0
-55 -26 95 0
-25 -54 81 0
-75 92 -37 0
-48 18 -62 0
97 -78 84 0
29 -6 4 0
-97 94 46 0
32 -3 67 0
99 28 -96 0
-80 -50 94 0
78 -15 96 0
20 43 -83 0
-52 -69 76 0
70 75 92 0
33 -53 -11 0
-55 45 -4 0
71 83 -42 0
31 100 -68 0
48 1 -72 0
83 -70 11 0
-41 39 -33 0
94 62 -40 0
-57 -23 96 0
-39 4 19 0
98 -53 -64 0
49 -9 -31 0
52 -94 5 0
-29 38 -88 0
-15 -92 100 0
23 84 -35 0
52 92 50 0
-1 -17 80 0
91 84 60 0
-7 13 -22 0
-49 87 -12 0
