c instance by G2
c solution = 0111000101110011110111011101010000100011011100001001010111110110001011101010011111100100000111010101
c Known solution cost is 2587 
p cnf 100 100
w 3 58 87 54 60 56 20 36 65 98 94 74 30 34 59 15 33 18 87 26 36 100 11 42 40 74 77 40 51 12 71 15 32 9 70 2 75 22 85 49 88 58 97 49 46 77 38 70 9 77 39 20 74 77 8 68 31 18 36 3 24 17 71 30 23 91 53 70 66 19 95 32 46 24 1 4 45 41 66 11 26 26 10 59 90 81 84 100 69 60 98 73 66 69 49 28 2 34 19 22
-23 -39 55 0
99 -62 -74 0
-82 73 -12 0
40 -96 -12 0
48 -84 -94 0
-100 -67 71 0
-9 31 51 0
32 -33 -3 0
33 -34 -42 0
-69 24 -12 0
-92 -12 20 0
-30 -41 -12 0
-72 -82 -96 0
-13 38 -16 0
49 -92 -57 0
-87 -21 -63 0
57 53 -62 0
15 -25 65 0
-90 -62 32 0
99 -29 97 0
2 7 46 0
-100 32 79 0
78 46 -42 0
-61 97 89 0
-51 -52 -43 0
90 29 21 0
33 86 -20 0
96 -86 -94 0
17 90 9 0
47 77 43 0
-57 81 48 0
77 -10 8 0
-54 82 -92 0
97 9 -38 0
27 11 51 0
12 -21 -28 0
-64 -78 9 0
27 -32 50 0
-50 -79 66 0
-20 -85 32 0
90 87 10 0
26 77 46 0
30 68 -43 0
-58 -46 -18 0
-6 -22 45 0
-27 -58 -73 0
87 75 -52 0
16 -39 -21 0
1 98 -70 0
95 -31 -39 0
63 -69 -43 0
62 -71 66 0
-15 -88 -12 0
38 41 52 0
59 -39 64 0
-95 -40 27 0
-76 -35 -12 0
-53 85 -78 0
-11 88 -91 0
51 -65 -80 0
18 84 19 0
-80 -66 -42 0
45 -100 67 0
90 -59 -55 0
44 -69 -75 0
-17 -45 -71 0
80 14 -35 0
91 -93 -19 0
6 -48 -16 0
68 -77 -69 0
93 -3 -10 0
-37 91 99 0
42 -22 -100 0
91 88 -14 0
53 -1 -81 0
-2 1 -47 0
-28 38 70 0
4 29 14 0
92 -82 -16 0
-58 -15 3 0
-49 53 100 0
39 -11 72 0
54 50 -20 0
-78 69 66 0
53 51 -68 0
25 -54 -69 0
-78 -28 56 0
22 -56 36 0
-7 48 -57 0
-82 -42 28 0
-96 97 83 0
64 -97 -59 0
-99 -24 27 0
-43 89 58 0
-24 -42 -89 0
35 19 -10 0
-5 45 -94 0
45 -8 94 0
97 -36 -79 0
60 -40 -62 0
