c instance by G2
c solution = 1111101001000101000101010111010001100010110001010011100000110101100101101110011000001001001001100011
c Known solution cost is 2428 
p cnf 100 100
w 74 65 88 15 18 74 79 14 1 4 27 69 27 27 44 53 45 79 41 71 25 72 35 35 14 64 64 31 80 58 71 10 49 57 88 37 62 96 63 26 41 13 12 97 93 56 97 70 8 7 18 52 57 36 82 62 20 48 89 44 59 93 53 72 48 40 21 75 37 55 26 19 75 58 16 35 61 23 96 84 42 59 44 69 56 60 78 8 57 60 60 63 49 9 96 7 36 36 91 5
-48 -88 -96 0
-56 90 -2 0
-9 -20 -68 0
64 -26 40 0
47 58 -38 0
69 84 -87 0
8 -4 -72 0
32 59 -2 0
-8 90 -59 0
70 -2 93 0
56 26 8 0
45 -34 85 0
-36 21 -41 0
19 -47 18 0
-50 -65 -5 0
43 91 -73 0
82 90 -25 0
56 10 -46 0
-2 -98 43 0
37 71 12 0
88 96 -3 0
12 -43 -27 0
37 30 -2 0
-51 -45 -52 0
42 18 36 0
99 -64 43 0
92 -31 -3 0
-59 -76 40 0
93 58 -17 0
-54 32 -27 0
80 -94 -93 0
19 69 94 0
-28 16 90 0
-58 63 -78 0
-84 21 82 0
3 9 -4 0
78 -1 57 0
-30 -35 1 0
-86 9 19 0
-64 4 -30 0
90 74 -85 0
54 -29 13 0
58 -63 86 0
81 22 -59 0
15 -67 -20 0
-22 -90 -74 0
92 15 68 0
56 -82 -27 0
-97 49 47 0
-79 14 -85 0
-94 -28 5 0
2 -78 -88 0
-35 -48 -32 0
-49 29 -42 0
11 -33 49 0
-100 79 40 0
-20 -68 75 0
95 -70 56 0
-71 12 -19 0
58 49 -66 0
-61 83 -16 0
77 -89 31 0
-1 -68 -21 0
58 28 31 0
-53 35 44 0
-92 -28 -85 0
-68 -34 24 0
39 49 -71 0
86 -15 23 0
-73 -18 -3 0
49 47 -69 0
-35 -83 -4 0
-10 -77 90 0
-7 -79 -11 0
58 -12 31 0
-78 -85 -40 0
-44 76 -3 0
-27 -24 53 0
32 41 -42 0
80 -37 -95 0
-24 62 56 0
-6 31 25 0
-35 100 -62 0
-5 73 -2 0
29 -14 51 0
-80 -59 15 0
55 -81 -7 0
-57 61 -64 0
-64 89 27 0
46 -24 8 0
61 -53 -13 0
-23 -20 67 0
52 -39 -78 0
82 7 23 0
-55 -59 44 0
83 48 15 0
83 98 34 0
29 56 65 0
-94 87 60 0
49 29 20 0
