c instance by G2
c solution = 0110101100010101011000110111101000110011011010001110010111100111000000101011101011010111011001011100
c Known solution cost is 2731 
p cnf 100 100
w 70 61 100 77 33 80 10 99 41 5 51 35 11 69 9 22 15 58 49 50 20 28 95 55 76 88 41 87 41 78 13 57 74 52 42 96 89 49 20 59 53 17 74 97 67 5 97 72 35 13 17 66 13 41 90 56 13 35 69 15 55 16 53 63 85 41 88 61 43 44 23 97 32 78 62 83 40 42 88 59 34 86 97 38 77 98 19 29 41 68 54 38 22 38 30 81 59 57 68 41
-20 47 61 0
95 97 -2 0
-79 -46 100 0
8 -16 61 0
-69 -5 99 0
75 48 74 0
41 43 52 0
5 -98 41 0
19 -57 9 0
30 37 58 0
21 -75 -80 0
15 28 99 0
-52 -81 -56 0
87 44 -64 0
56 -76 -64 0
91 52 72 0
-79 -2 82 0
67 69 18 0
96 68 -14 0
65 25 -11 0
62 46 25 0
-76 83 -99 0
-8 95 -78 0
73 -77 -35 0
6 10 -21 0
21 100 -66 0
70 -45 -48 0
-64 -62 -92 0
-17 -43 -79 0
85 -77 40 0
-51 100 31 0
-97 60 -72 0
-43 52 16 0
60 20 -1 0
84 80 -3 0
24 25 13 0
-4 -49 -23 0
-100 -3 95 0
-26 -87 3 0
12 -82 55 0
-58 -2 54 0
-33 80 41 0
29 65 72 0
2 -27 -84 0
42 -77 -81 0
-77 -81 -60 0
-51 -25 95 0
57 -76 -7 0
-28 36 65 0
-2 74 -22 0
47 38 -85 0
-91 -18 -10 0
83 -2 35 0
63 61 -16 0
9 -50 51 0
48 -51 76 0
-44 47 85 0
48 99 64 0
-79 -13 95 0
-43 33 77 0
-7 69 -15 0
-53 -43 -86 0
98 -29 15 0
-49 71 -29 0
-97 -55 10 0
-16 44 94 0
85 78 49 0
6 45 41 0
22 -42 -68 0
-73 -93 99 0
-18 88 -84 0
-87 47 -95 0
92 -83 100 0
11 -98 39 0
6 -74 -59 0
-62 -32 89 0
11 26 -77 0
48 23 33 0
-67 -36 -49 0
-81 -89 48 0
90 -51 99 0
-37 30 83 0
34 79 -49 0
-65 -87 85 0
72 -30 -56 0
7 53 -16 0
86 32 52 0
99 61 -41 0
-57 -28 -34 0
100 -70 66 0
-2 50 -45 0
-82 10 27 0
-6 -24 -54 0
66 -38 -75 0
34 -61 55 0
85 14 -18 0
46 -36 -9 0
-47 72 -94 0
-45 -14 59 0
70 81 67 0
