c instance by G2
c solution = 1110011001011010011101100100101011110110101010101010101111001101101001100001010000101000011011011111
c Known solution cost is 2610 
p cnf 100 100
w 52 32 13 13 36 77 91 26 14 62 12 66 1 3 28 1 77 6 31 13 31 19 2 74 17 89 49 32 86 78 19 77 32 29 25 16 92 51 55 48 35 17 64 19 3 2 81 85 34 57 51 2 37 90 74 42 52 58 40 61 81 18 19 96 40 2 57 40 67 74 82 22 21 50 99 32 94 31 65 98 99 64 86 40 96 75 16 87 21 70 80 4 55 41 11 68 13 56 53 55
25 34 -64 0
32 -15 98 0
60 -15 -92 0
-78 57 11 0
-57 30 -89 0
-86 75 80 0
-62 12 -98 0
-40 -94 -70 0
-23 -59 -10 0
100 -78 -35 0
73 -5 25 0
-23 61 -76 0
71 -22 -19 0
-2 46 -25 0
94 21 37 0
-41 -57 31 0
-74 -20 -94 0
-97 79 35 0
-8 -31 -51 0
-13 -14 -3 0
-85 -4 84 0
-41 23 -62 0
56 -13 77 0
33 44 4 0
-37 -34 86 0
-17 -56 -19 0
-61 83 -51 0
74 -93 58 0
21 -93 78 0
-56 -49 26 0
41 -29 92 0
13 -19 77 0
10 69 -47 0
-67 30 62 0
51 44 72 0
43 -94 -56 0
75 45 -43 0
54 21 -42 0
99 40 -31 0
-47 -62 -77 0
-28 -35 -56 0
15 -23 5 0
-57 47 -31 0
46 3 -19 0
52 -15 -21 0
79 -63 -22 0
-30 42 84 0
49 63 -15 0
-54 -33 -29 0
-52 -22 88 0
37 -46 68 0
82 -58 -87 0
-7 -24 -39 0
7 -26 -31 0
19 -100 17 0
-36 96 -67 0
-85 52 -84 0
-57 -49 -50 0
8 -79 -56 0
-36 -75 -71 0
-81 -33 -93 0
-11 -99 16 0
40 90 28 0
-36 67 74 0
70 -29 -83 0
20 -12 84 0
53 -19 89 0
-66 30 -13 0
85 -45 -47 0
88 -73 -83 0
63 91 87 0
32 14 39 0
75 -68 -19 0
75 -44 84 0
-100 8 29 0
66 -72 -62 0
-69 -33 -15 0
-1 66 93 0
79 2 -34 0
81 97 30 0
38 63 82 0
-9 -20 92 0
18 -35 42 0
36 -56 69 0
-27 -55 21 0
-80 68 86 0
27 88 64 0
5 -82 42 0
-35 -48 84 0
46 -67 -16 0
6 -76 -19 0
-38 32 1 0
-67 -60 69 0
79 -88 60 0
65 24 -43 0
37 14 55 0
-45 17 -32 0
-65 59 22 0
-43 76 -53 0
14 -18 -95 0
