c instance by G2
c solution = 1000001110110010000011111010100001101101001111111101110011010110110101100001111101100100000010101000
c Known solution cost is 2411 
p cnf 100 100
w 72 19 26 50 18 82 45 67 22 92 46 8 94 9 27 41 89 11 17 59 4 47 46 58 87 82 17 3 84 88 77 80 93 52 35 73 60 35 9 47 11 31 52 20 42 71 24 33 92 57 87 4 9 13 55 22 45 23 9 78 86 94 66 13 83 54 93 62 4 61 28 86 10 58 93 19 47 53 57 61 99 88 42 13 94 70 97 15 80 49 92 38 3 45 14 40 87 89 88 57
17 -11 48 0
-63 -43 -81 0
-78 64 -30 0
30 -17 2 0
14 82 10 0
94 -60 -56 0
-47 37 5 0
64 -68 52 0
5 -20 -46 0
-47 -23 -98 0
-72 94 -23 0
56 16 -3 0
35 -24 -15 0
16 44 -77 0
32 42 45 0
-41 75 55 0
72 79 26 0
100 -1 25 0
-52 -13 16 0
-16 3 -82 0
-60 -94 -9 0
-21 -49 -64 0
-1 54 -53 0
90 3 24 0
64 12 10 0
-59 13 -86 0
-7 86 20 0
14 -9 80 0
94 -48 -96 0
55 38 99 0
72 57 -52 0
32 49 -60 0
-49 -76 -10 0
1 18 -97 0
4 -42 -52 0
50 72 -95 0
-97 29 -54 0
-93 -75 18 0
61 -77 53 0
-61 51 -49 0
-36 96 -57 0
19 40 -66 0
-100 -83 92 0
10 -38 -19 0
-62 -18 31 0
-67 87 14 0
30 -83 -33 0
30 -39 -9 0
-54 47 -40 0
-77 68 -38 0
-49 -1 9 0
46 -76 -68 0
98 -14 -78 0
-53 89 43 0
97 -38 98 0
-31 89 55 0
-44 63 51 0
-58 93 10 0
-46 20 11 0
-86 -58 77 0
-5 -60 -38 0
55 92 7 0
-69 94 55 0
91 -28 10 0
84 -32 19 0
-55 -66 2 0
-83 -78 8 0
33 -2 73 0
-12 -26 74 0
34 -52 -15 0
36 90 -89 0
-38 22 -65 0
78 -7 69 0
-84 6 4 0
16 33 -92 0
73 -34 -4 0
66 87 -29 0
-83 -6 -15 0
20 -87 39 0
76 -62 56 0
-77 -9 -73 0
-23 30 -74 0
16 10 -51 0
62 72 85 0
19 87 21 0
-27 -35 65 0
-12 13 27 0
61 89 70 0
15 -35 56 0
64 58 75 0
-9 -57 -88 0
74 -12 95 0
30 -85 91 0
-7 -43 71 0
-70 83 -57 0
36 42 23 0
-1 -90 3 0
-99 19 -24 0
-91 -34 -1 0
60 -46 17 0
