c instance by G2
c solution = 0011100011010010001110101000000101011000101001011110111100110100001100001101000101101001011111110011
c Known solution cost is 2637 
p cnf 100 100
w 98 50 83 75 52 77 49 61 60 65 68 83 69 50 59 30 67 14 50 47 38 14 55 18 22 48 11 79 24 39 16 76 66 38 40 99 75 74 16 63 38 32 20 18 75 69 28 52 67 55 94 90 98 53 92 11 85 58 17 19 92 71 63 15 27 56 43 42 63 65 40 73 21 37 9 76 22 21 70 69 89 37 18 22 74 2 55 21 12 73 17 23 89 34 92 57 57 64 15 66
-21 46 -20 0
20 17 -32 0
74 -62 24 0
-39 -36 2 0
3 27 18 0
-50 -4 -65 0
4 27 57 0
5 -46 63 0
-47 17 -12 0
85 -46 2 0
-85 -33 -46 0
45 64 -17 0
31 -6 18 0
26 -56 68 0
-25 -87 30 0
-38 98 -99 0
80 89 -4 0
-19 76 -41 0
64 54 77 0
48 79 -12 0
44 -76 -57 0
83 -41 42 0
47 -72 -4 0
-20 57 -44 0
27 -83 -35 0
-11 -96 7 0
67 45 -92 0
53 87 40 0
-83 72 19 0
39 69 -2 0
-8 -43 38 0
6 -75 22 0
-5 63 -22 0
27 78 -97 0
95 -10 7 0
52 41 31 0
-64 -5 70 0
97 84 -77 0
-76 49 58 0
-34 22 32 0
-93 -1 72 0
56 -76 98 0
15 77 8 0
-9 -70 61 0
-84 87 42 0
-16 -5 14 0
-91 -81 66 0
-25 -26 -93 0
92 -99 64 0
-80 30 12 0
64 -10 37 0
11 61 94 0
70 43 -41 0
13 59 35 0
7 -3 -61 0
70 -99 62 0
-62 -31 -73 0
-78 45 65 0
-42 -32 16 0
-37 -66 27 0
-53 77 -29 0
-20 -28 -85 0
-100 -89 -91 0
-80 7 -24 0
82 -21 -36 0
-59 -36 -58 0
100 11 -68 0
42 -79 86 0
55 28 57 0
-9 -27 86 0
57 13 -18 0
-56 -69 -25 0
-52 33 -3 0
-15 34 27 0
33 -5 50 0
-63 87 30 0
-9 40 -98 0
-12 96 29 0
-7 64 13 0
-83 44 -86 0
-51 11 -30 0
88 -3 7 0
-93 -92 23 0
-4 -56 -40 0
-73 2 36 0
-80 21 -76 0
-46 -25 90 0
73 -68 -59 0
-48 -56 25 0
26 69 93 0
24 -19 60 0
52 91 -32 0
-62 57 -13 0
1 99 -41 0
10 -54 -91 0
57 51 -68 0
30 9 11 0
40 -45 -67 0
89 -14 -96 0
-71 -80 84 0
