c instance by G2
c solution = 1000000000011100011011000011110100000110110000010110110111011011110001001001100010000001001000011000
c Known solution cost is 2159 
p cnf 100 100
w 88 85 71 89 3 68 25 72 26 54 57 96 88 65 45 57 34 43 19 7 89 42 33 83 53 87 41 84 8 73 99 65 84 59 60 94 36 41 21 65 26 84 22 9 15 60 50 76 26 82 79 91 44 73 14 21 36 24 60 74 38 32 86 50 46 13 7 42 96 65 35 7 25 50 75 80 77 64 54 7 4 31 8 42 26 55 39 54 91 58 17 63 27 10 33 86 36 13 75 43
-57 100 38 0
41 78 23 0
7 5 -36 0
51 92 -63 0
-49 90 46 0
86 74 -82 0
25 -20 82 0
13 -22 7 0
-66 81 44 0
67 91 45 0
9 -97 -72 0
31 -89 -22 0
-8 45 6 0
-38 64 -70 0
71 68 39 0
30 -19 -57 0
-70 74 1 0
-92 68 46 0
59 -84 -96 0
43 -32 77 0
4 100 -16 0
-45 69 37 0
14 93 16 0
11 -5 68 0
-25 -30 83 0
7 68 -15 0
25 74 48 0
-73 53 -54 0
26 95 -93 0
92 -55 4 0
84 12 75 0
-17 -66 26 0
43 62 -75 0
2 -67 78 0
71 40 -68 0
34 89 -95 0
67 27 -91 0
-85 89 -30 0
22 -12 -27 0
59 88 20 0
65 78 -53 0
92 -74 69 0
63 16 31 0
72 -12 73 0
-65 90 18 0
85 -79 74 0
87 -31 -38 0
80 -44 49 0
62 42 9 0
8 -9 86 0
-60 -43 82 0
-73 -24 -13 0
-53 -78 33 0
21 75 82 0
15 -80 6 0
-26 -41 68 0
-66 56 85 0
57 -48 98 0
-41 70 -53 0
-81 -90 11 0
-41 -99 34 0
7 -40 3 0
98 -66 -33 0
8 -21 54 0
-63 -52 -54 0
72 -62 -63 0
-66 86 -34 0
75 -37 -63 0
-14 -69 24 0
-4 23 75 0
-87 37 -63 0
55 43 -98 0
29 -81 59 0
66 98 20 0
50 -27 20 0
-58 72 -23 0
-3 -77 -50 0
86 -35 59 0
5 -2 -19 0
61 -42 -73 0
80 -96 -94 0
-59 75 93 0
-21 -47 84 0
-12 28 31 0
-19 -46 3 0
71 -7 20 0
-21 -10 99 0
96 72 95 0
19 31 -38 0
-21 74 -11 0
-6 -42 40 0
100 -86 69 0
58 -76 75 0
76 8 92 0
-71 36 8 0
23 75 -100 0
7 43 97 0
46 -83 -54 0
60 2 -28 0
78 32 69 0
