c instance by G2
c solution = 1010011111011001001111010101101111100000111000011100011100011010100010000111001011110101011000110001
c Known solution cost is 2553 
p cnf 100 100
w 83 21 88 98 91 6 36 21 39 71 81 75 60 18 61 49 45 56 62 76 84 24 83 62 66 50 89 31 90 39 82 10 88 59 44 24 72 9 40 91 23 30 24 62 46 95 99 67 9 10 84 100 82 38 82 98 18 55 77 15 37 90 13 56 85 13 57 43 82 87 70 18 53 40 65 79 26 70 53 28 4 13 100 24 54 20 21 13 91 84 74 6 87 13 45 10 71 90 74 26
-55 -26 -23 0
37 11 6 0
34 -96 -1 0
67 88 4 0
29 -56 66 0
-91 -99 -96 0
-86 58 56 0
62 -11 -60 0
-68 -79 -20 0
55 18 94 0
87 80 32 0
-96 -6 -18 0
3 89 -24 0
39 -46 15 0
-10 87 49 0
-49 97 -80 0
-96 -30 -7 0
-86 -74 91 0
-90 70 33 0
73 -56 69 0
-4 -48 -88 0
22 25 44 0
61 30 -31 0
77 23 -92 0
98 -35 -17 0
38 37 84 0
-44 -3 77 0
-37 38 -83 0
-33 -67 62 0
98 -3 -62 0
81 97 66 0
-79 -53 -49 0
-100 -36 99 0
-95 -43 9 0
-90 -69 96 0
-96 -45 -6 0
-14 -84 -10 0
-55 -8 35 0
75 44 11 0
-78 77 -79 0
-48 -71 -55 0
-47 -19 -43 0
-3 13 37 0
-7 -52 -13 0
8 45 -96 0
86 66 70 0
23 -10 24 0
44 -98 59 0
95 15 -55 0
-77 72 66 0
51 12 44 0
42 -41 -88 0
77 63 53 0
66 26 -33 0
-54 -87 40 0
-35 -38 -83 0
-9 -84 -59 0
-88 -91 -27 0
-81 -94 -41 0
79 -26 64 0
54 -6 39 0
-49 76 -9 0
65 -7 58 0
72 -63 28 0
-56 60 -76 0
17 45 -72 0
14 90 73 0
-51 -75 94 0
98 89 1 0
-16 -75 31 0
-66 -13 59 0
-100 -60 -39 0
21 78 59 0
74 23 -55 0
85 39 -58 0
57 -76 -85 0
-1 -56 48 0
-60 -1 16 0
-10 100 89 0
23 70 -25 0
59 -40 -76 0
46 94 -64 0
-89 38 -95 0
-22 47 19 0
-57 11 17 0
46 -88 20 0
-54 -97 -28 0
44 50 -20 0
-73 53 5 0
-100 -5 -56 0
98 70 43 0
97 -70 -42 0
7 -10 -75 0
10 2 89 0
-22 67 -93 0
-9 -83 -2 0
82 -56 -34 0
68 18 -15 0
15 78 41 0
83 -24 -6 0
