c instance by G2
c solution = 1111000001001010011001110001001010101011011101011000110110100011111110010101101010111010000000011001
c Known solution cost is 2489 
p cnf 100 100
w 94 4 36 99 67 98 18 48 74 1 82 59 7 10 4 76 8 47 47 31 47 27 18 43 70 51 56 35 69 11 69 8 56 38 30 70 31 61 80 4 38 3 65 38 67 86 89 19 12 45 85 66 87 39 53 18 35 23 89 9 72 2 66 53 91 38 90 8 72 25 6 52 51 79 4 100 33 94 72 48 1 55 69 32 69 54 61 92 9 54 74 74 87 13 36 96 89 71 95 95
-1 -70 -2 0
-48 47 96 0
-93 -63 41 0
-59 -23 -11 0
82 89 -50 0
-26 -33 -23 0
-100 72 21 0
60 23 75 0
82 18 -72 0
-14 7 -35 0
91 -74 -47 0
55 2 73 0
6 46 75 0
-15 65 -83 0
-20 80 -79 0
-73 -100 62 0
1 -3 -76 0
-72 64 55 0
-100 -64 13 0
87 -49 -18 0
-2 -32 51 0
-29 34 -100 0
12 -27 90 0
24 32 -59 0
-90 -67 5 0
98 79 8 0
35 -69 -63 0
83 -37 -44 0
61 62 -9 0
-72 -58 -67 0
53 55 27 0
70 56 36 0
37 93 60 0
51 -44 -7 0
74 30 80 0
-60 -74 -39 0
-3 -75 47 0
-78 -96 -69 0
49 -39 -81 0
98 -36 -87 0
-21 -59 93 0
-38 -43 41 0
7 6 -88 0
50 57 -40 0
-62 -3 -54 0
28 38 95 0
-71 -64 -67 0
6 3 51 0
67 5 -56 0
14 85 -48 0
30 22 14 0
34 31 71 0
-35 -69 54 0
-37 51 63 0
86 -80 58 0
95 -86 -74 0
-30 34 36 0
-94 29 93 0
-83 97 -49 0
48 61 -68 0
-65 -17 21 0
-79 -24 -5 0
19 62 -48 0
4 7 17 0
-83 9 42 0
-22 -48 -98 0
-76 77 -69 0
-91 -13 -74 0
-51 9 -10 0
69 14 95 0
-87 6 15 0
-25 89 -63 0
-3 84 25 0
40 -15 26 0
41 -34 11 0
-44 -92 -33 0
-82 -15 5 0
-49 -12 32 0
93 -42 100 0
80 -6 -3 0
-42 95 10 0
-16 12 -28 0
9 39 -3 0
-4 -41 -43 0
-49 -8 27 0
-68 43 -74 0
-87 -77 -45 0
-55 21 90 0
66 58 -43 0
58 45 -61 0
-83 -52 11 0
-89 -31 16 0
-99 73 -64 0
-31 44 36 0
-3 59 12 0
-77 -63 68 0
76 -69 9 0
-68 33 -97 0
81 -23 -24 0
-95 -1 30 0
