c instance by G2
c solution = 0100000101100101000101111111111011010101011110111100010111111110110000001010100110010000010001101010
c Known solution cost is 2460 
p cnf 100 100
w 56 49 25 32 13 87 58 51 69 75 44 86 13 49 90 24 26 89 20 67 35 39 21 67 61 100 33 60 37 28 1 33 10 36 63 17 3 93 84 56 40 24 51 35 33 48 20 90 2 56 39 85 26 59 100 58 27 55 35 79 5 51 84 82 41 64 42 87 42 16 64 77 7 72 9 20 90 15 83 85 44 23 100 79 78 34 59 31 37 69 1 44 57 50 38 76 50 81 52 29
94 -57 98 0
-32 53 -11 0
78 43 -61 0
-46 64 19 0
71 33 -99 0
-82 -20 -34 0
13 -75 48 0
-26 -52 -29 0
84 -25 -40 0
50 -11 -16 0
55 60 78 0
15 -69 -84 0
27 -43 17 0
1 80 -62 0
-28 -75 44 0
93 -15 4 0
-67 -58 -49 0
-59 37 56 0
9 82 -96 0
-27 54 -48 0
-83 -99 87 0
5 100 -53 0
-16 82 25 0
2 21 12 0
-24 -84 -55 0
-2 78 10 0
61 -29 41 0
-80 -88 -94 0
-63 -48 90 0
-31 89 20 0
-64 -8 72 0
-9 -57 -22 0
-91 -26 -31 0
51 -11 -4 0
58 55 46 0
-65 -90 95 0
-45 98 14 0
-39 15 12 0
9 -98 37 0
-97 -1 86 0
-12 -40 -16 0
89 57 -54 0
-37 -63 15 0
-90 40 -95 0
62 87 55 0
-29 -71 -23 0
-34 24 -11 0
-84 -86 -11 0
-51 83 -59 0
-74 39 -28 0
-63 -19 67 0
93 -84 66 0
-42 -28 -7 0
-18 86 35 0
8 -11 -10 0
73 -26 -11 0
-59 -5 -34 0
51 -95 34 0
-72 52 87 0
75 37 5 0
-44 -29 -3 0
-54 26 -50 0
-24 16 9 0
-70 -47 -62 0
41 -21 -44 0
-81 49 -31 0
-6 -38 -43 0
-34 77 12 0
-68 96 19 0
31 64 -34 0
-100 52 -23 0
-97 100 59 0
72 15 -79 0
-58 -97 47 0
-78 -33 6 0
97 83 -80 0
83 -31 -93 0
39 32 63 0
-97 -35 -47 0
30 -57 52 0
-31 -36 -89 0
28 39 85 0
-10 -92 -47 0
-40 -87 -54 0
32 65 85 0
29 -14 88 0
-57 -81 -13 0
-76 -10 35 0
23 -30 68 0
-38 -85 -58 0
32 6 42 0
99 46 71 0
53 -38 -41 0
-49 -95 11 0
-14 45 5 0
38 13 83 0
79 -17 -99 0
88 -29 22 0
81 96 78 0
7 67 36 0
