c instance by G2
c solution = 0000111011111111010111011100010111000111010110100100111011100100001001100011101100011000000101000011
c Known solution cost is 2645 
p cnf 100 100
w 8 72 76 18 1 28 42 59 96 24 95 99 75 77 14 17 57 11 99 40 57 17 16 21 73 96 7 2 40 93 76 22 72 32 82 5 5 7 62 59 59 83 18 21 29 85 86 63 40 27 5 14 8 87 10 85 12 97 56 39 60 85 77 56 72 66 95 51 10 62 25 48 53 23 1 5 82 74 80 57 89 99 36 1 67 46 34 34 20 99 15 74 26 84 36 43 70 53 92 89
7 93 90 0
-78 -57 -59 0
-76 75 48 0
-84 -41 86 0
88 81 67 0
-23 -55 -79 0
-63 -80 -99 0
69 -72 82 0
-70 -2 -58 0
-75 -28 -77 0
-15 54 27 0
-33 56 -17 0
37 56 39 0
-47 51 -65 0
18 -80 -40 0
-13 3 32 0
12 97 69 0
98 -60 51 0
-15 -68 -40 0
-99 -64 -26 0
41 -73 -55 0
35 -9 -74 0
22 64 66 0
-15 -80 -82 0
-16 78 -31 0
91 43 30 0
91 -100 -19 0
-15 -38 -66 0
95 -100 40 0
60 91 24 0
26 -12 49 0
-11 -93 -80 0
-92 45 28 0
8 -95 -14 0
-61 97 81 0
36 -100 42 0
-34 50 74 0
-5 -29 -70 0
-36 -54 68 0
98 88 13 0
46 -55 -81 0
-87 -77 -84 0
-67 80 -62 0
-15 84 81 0
-51 17 68 0
33 27 56 0
16 89 37 0
47 48 52 0
100 -45 -12 0
-38 27 70 0
36 96 59 0
-4 -75 78 0
1 -88 -79 0
43 73 62 0
6 17 65 0
77 8 -44 0
-22 -71 25 0
29 27 -56 0
-26 -7 20 0
-47 -97 37 0
10 88 -77 0
76 86 -44 0
-45 52 -8 0
55 -53 88 0
37 -47 -69 0
-27 -59 43 0
57 36 1 0
-45 99 -85 0
21 95 63 0
92 -76 -84 0
-62 53 48 0
-50 -1 43 0
-52 63 1 0
60 -100 -86 0
95 -3 89 0
81 -35 64 0
63 -91 -47 0
82 -49 -53 0
4 15 29 0
-98 -24 -99 0
34 -11 -26 0
-84 -76 -46 0
38 19 -99 0
36 -90 -71 0
28 58 -18 0
-84 -44 -43 0
8 -11 -89 0
-62 51 -48 0
56 -100 5 0
-11 2 9 0
-25 -11 85 0
-58 65 71 0
91 11 -55 0
44 -84 78 0
-58 79 37 0
-85 96 14 0
-99 -37 -30 0
91 1 94 0
-83 43 49 0
-96 -33 -76 0
