c instance by G2
c solution = 0101000010110010110101110111111111100111101010101111100110001110000110101100100010111011001101111110
c Known solution cost is 3302 
p cnf 100 100
w 82 16 68 100 48 68 19 76 15 86 84 86 27 32 40 92 16 80 42 8 87 69 76 96 14 76 57 27 74 50 93 90 79 47 86 60 39 84 47 28 43 78 38 96 43 39 22 50 47 30 46 28 99 12 78 15 15 26 62 47 35 34 83 71 21 78 44 57 92 61 72 34 85 89 36 45 16 55 94 31 73 8 82 22 12 31 71 91 10 42 53 59 94 18 44 18 68 92 86 37
-24 -71 -46 0
43 -53 -92 0
-31 33 -28 0
5 -96 32 0
23 79 82 0
78 -49 11 0
-78 -83 -84 0
-63 81 -74 0
-23 46 31 0
44 66 12 0
70 96 36 0
-2 61 -63 0
36 19 57 0
72 29 6 0
-13 -28 -98 0
-75 -4 -31 0
-47 -39 28 0
-15 65 -54 0
80 -59 42 0
-85 88 8 0
-38 -17 -86 0
-50 -15 62 0
86 -60 80 0
-74 -48 -28 0
-71 79 85 0
-21 -34 -92 0
36 -55 -87 0
76 78 50 0
19 -74 2 0
-2 -4 98 0
-47 -89 -20 0
20 7 89 0
-68 56 90 0
30 -2 48 0
37 -14 10 0
-68 -90 -27 0
55 -8 -17 0
21 -56 35 0
6 90 68 0
-99 -53 91 0
14 99 48 0
-56 -37 7 0
-4 8 95 0
42 -87 27 0
-47 -31 94 0
-57 39 -69 0
34 -57 70 0
-4 -28 -3 0
-29 89 83 0
-7 -88 -96 0
42 76 -70 0
26 -69 -56 0
-93 -2 -31 0
90 -66 89 0
48 -10 -56 0
93 -81 51 0
36 -40 77 0
45 13 -29 0
-83 25 -1 0
100 9 -20 0
-27 -20 -42 0
58 -41 40 0
-69 -12 -82 0
86 -57 18 0
74 -18 80 0
-17 -23 53 0
-68 -6 -73 0
-18 -39 -5 0
-22 -73 84 0
-51 -36 58 0
-53 -44 -17 0
14 -53 -80 0
69 -94 67 0
66 -81 -19 0
-100 6 72 0
49 -34 100 0
92 37 21 0
25 13 -72 0
-64 -20 -74 0
52 -24 6 0
86 -23 73 0
22 55 -4 0
-97 87 -43 0
67 -79 -26 0
-49 -29 -65 0
-18 38 70 0
64 -69 15 0
-34 -12 4 0
-81 46 -76 0
-94 -16 42 0
65 -84 47 0
-52 90 71 0
-87 -67 90 0
-87 -25 21 0
97 -57 -84 0
3 -62 -58 0
24 -49 -32 0
-2 1 17 0
41 -96 66 0
79 63 42 0
