c instance by G2
c solution = 0000101011000100111101110011100010101110101010001011011101011110100110101101010111110110001001111100
c Known solution cost is 2921 
p cnf 100 100
w 53 8 25 33 69 12 68 99 14 83 12 32 34 37 5 6 39 33 80 70 78 15 83 82 67 52 30 74 54 48 60 96 52 16 90 100 50 42 88 37 39 84 95 83 93 87 38 25 98 40 35 46 52 92 16 50 75 74 51 5 67 81 41 44 40 3 96 24 4 48 28 52 13 40 49 77 66 7 47 5 67 99 53 49 24 37 2 37 69 58 40 35 57 98 86 47 34 86 1 57
-39 41 -27 0
-23 45 90 0
75 56 50 0
87 -24 -7 0
64 -84 10 0
-63 -69 -99 0
79 72 -47 0
-76 33 31 0
21 100 27 0
-80 12 -11 0
-58 57 49 0
100 -13 -9 0
-83 -25 4 0
-60 32 98 0
-42 77 26 0
30 50 39 0
-41 72 -21 0
-14 -45 58 0
29 -33 -86 0
-68 20 48 0
-77 46 12 0
-14 -70 88 0
50 -53 2 0
96 -84 -9 0
59 15 43 0
3 25 -4 0
35 59 26 0
90 21 80 0
-63 -73 94 0
-38 -22 -46 0
21 48 86 0
-65 -48 -74 0
62 50 11 0
-20 -79 -56 0
38 -61 -18 0
31 55 -39 0
-22 82 -56 0
40 83 47 0
-69 24 -86 0
99 12 -92 0
-81 65 -51 0
-88 -5 -97 0
-85 -71 -51 0
-84 -5 19 0
-40 1 8 0
48 60 -98 0
100 -12 -33 0
40 -36 -54 0
77 -87 -67 0
36 18 -20 0
4 -45 28 0
-54 -60 22 0
-27 37 -63 0
1 -57 -97 0
-19 4 78 0
-6 4 -29 0
-95 89 -66 0
-100 -98 -54 0
59 -15 64 0
-34 47 26 0
-7 -96 95 0
51 -76 -10 0
75 -18 73 0
-63 68 -78 0
26 63 -65 0
53 -18 -64 0
-82 34 97 0
-56 7 -27 0
-73 -30 64 0
23 -19 21 0
-18 36 -72 0
85 5 -20 0
-90 -82 -65 0
-31 -18 75 0
-49 -60 -3 0
-76 3 -93 0
-76 14 30 0
-54 -27 76 0
-17 8 -59 0
8 -10 61 0
91 59 -98 0
-19 8 -2 0
74 -61 6 0
-97 99 54 0
99 -54 71 0
3 -18 84 0
-96 -1 67 0
81 -39 93 0
44 99 -26 0
-14 -86 -32 0
64 -56 -16 0
59 -44 47 0
-8 25 -38 0
-94 79 69 0
66 -14 -89 0
77 -87 -50 0
25 92 52 0
-14 17 -24 0
-80 9 -5 0
-75 93 -49 0
