c instance by G2
c solution = 1000111000101011100101110111010101000101000101010010101101110001101110011011110011111010001001011000
c Known solution cost is 2902 
p cnf 100 100
w 7 17 51 2 13 86 69 68 12 100 70 34 60 6 94 79 63 57 56 6 53 61 99 83 8 7 6 56 43 19 50 18 11 63 12 69 9 75 20 56 79 18 47 57 39 64 92 61 51 86 12 26 30 76 63 62 60 50 88 54 14 81 82 88 31 94 37 33 42 3 47 46 49 54 84 74 70 1 15 99 96 28 73 58 85 79 70 64 94 52 78 4 81 87 26 42 99 61 26 67
50 33 -52 0
-72 -46 -100 0
-38 -21 -20 0
10 23 86 0
36 -65 85 0
42 15 93 0
-83 -88 -59 0
30 8 -65 0
58 -69 -96 0
-53 82 62 0
18 -8 -83 0
-81 -85 -50 0
-89 -83 18 0
-69 -81 -66 0
8 -14 -17 0
37 88 96 0
79 64 62 0
8 -30 -37 0
47 97 10 0
-67 52 -42 0
-30 -44 51 0
-53 26 98 0
10 62 5 0
45 34 -94 0
43 -92 -26 0
-48 -62 21 0
63 -1 -41 0
48 -27 93 0
-90 -84 -27 0
35 -93 -16 0
-30 -78 -4 0
54 -95 79 0
1 71 2 0
10 -6 -86 0
9 67 18 0
16 -91 -56 0
71 -40 24 0
70 91 -69 0
-49 -28 50 0
7 50 14 0
33 18 75 0
89 -84 32 0
-33 41 -76 0
68 -81 33 0
-12 -84 -77 0
-32 53 33 0
59 -5 -6 0
33 -63 -82 0
12 35 76 0
-46 95 -43 0
-18 9 -1 0
-91 83 66 0
90 -96 22 0
60 14 37 0
-40 33 -57 0
92 73 37 0
81 80 -11 0
-74 12 9 0
-68 95 -35 0
-82 78 -40 0
69 -1 -51 0
-9 -91 -48 0
-81 87 -30 0
-53 84 -6 0
-22 -83 -25 0
57 9 -47 0
-16 57 56 0
-94 70 27 0
-3 -55 -68 0
49 -32 -54 0
-80 52 -68 0
79 40 -28 0
74 55 -17 0
17 -46 9 0
49 20 -53 0
99 -29 12 0
45 -75 46 0
9 57 28 0
-36 -81 -11 0
-20 -45 -13 0
-5 2 -19 0
-51 63 -98 0
63 -71 -1 0
65 52 -22 0
3 -30 -99 0
8 44 -81 0
6 54 -27 0
54 -61 -55 0
77 -40 -34 0
-31 -75 93 0
-6 52 -10 0
-81 4 -79 0
-11 -39 37 0
18 -70 62 0
-59 -2 66 0
-13 52 11 0
42 72 -67 0
94 12 49 0
-60 38 4 0
-82 13 19 0
