c instance by G2
c solution = 0011001010111101010001101110110000101010011101111100011010011110001100111111111100111000001111101000
c Known solution cost is 2812 
p cnf 100 100
w 9 46 55 25 72 67 48 24 52 29 80 46 80 51 86 74 37 100 6 51 13 67 68 6 98 37 90 46 62 30 82 4 73 97 6 57 38 41 18 46 81 45 86 67 72 6 63 3 95 26 70 49 39 30 3 93 2 30 68 20 71 84 62 24 65 36 14 47 33 34 49 9 62 7 67 19 73 79 85 1 77 92 25 83 62 36 98 25 87 51 20 47 88 34 81 82 72 65 71 67
31 -52 -85 0
-72 79 -22 0
59 18 58 0
60 81 59 0
-7 93 31 0
-18 54 -42 0
40 -82 -72 0
-41 -93 100 0
-18 26 1 0
-73 -33 -3 0
-70 90 -60 0
-55 50 52 0
-18 -80 84 0
-75 34 -87 0
-2 -78 -12 0
36 -74 72 0
8 -40 -37 0
27 51 53 0
53 -21 -4 0
-36 -79 -93 0
-15 -80 -60 0
-18 65 57 0
-55 -83 -64 0
-49 22 -42 0
-9 -27 25 0
63 -26 10 0
89 -17 90 0
-34 -25 51 0
-48 -96 36 0
69 47 28 0
43 96 52 0
42 -47 -74 0
-78 14 -12 0
-88 82 -29 0
-84 -90 -91 0
77 10 -48 0
-65 -62 -67 0
-42 -22 11 0
-44 45 76 0
87 52 -69 0
64 -91 30 0
70 -68 -53 0
-71 35 -92 0
-79 46 81 0
-5 -47 -85 0
68 20 2 0
69 16 58 0
41 -25 78 0
-29 91 -27 0
44 15 70 0
89 97 -18 0
2 20 -45 0
39 -97 32 0
87 89 55 0
33 40 -81 0
-16 49 58 0
-20 -68 34 0
66 -31 -71 0
-14 67 40 0
41 3 -80 0
-100 56 -84 0
85 6 -80 0
-84 62 -73 0
80 -39 -83 0
100 -19 -76 0
95 86 10 0
-47 71 81 0
-62 -6 -93 0
-23 -62 -51 0
-86 -74 82 0
-95 15 75 0
74 -61 56 0
87 -89 -84 0
20 -97 37 0
13 -78 81 0
92 -78 51 0
32 -98 -7 0
-38 -62 -27 0
89 73 -97 0
-99 -12 31 0
51 -48 -24 0
61 -12 -50 0
83 53 -16 0
51 58 4 0
33 8 -1 0
-18 -85 -10 0
17 -42 12 0
-72 -58 86 0
9 -50 56 0
5 -59 -43 0
7 86 82 0
48 31 -23 0
56 -23 -28 0
23 -78 -25 0
94 40 36 0
70 29 -44 0
-77 51 -56 0
-32 89 -29 0
-8 -55 -23 0
87 -68 -66 0
