c instance by G2
c solution = 0100100011010110011110010001010111011111010111010000110110001101001111110101001101010100010100110111
c Known solution cost is 2477 
p cnf 100 100
w 1 50 85 96 59 18 75 6 89 23 42 50 96 19 77 19 89 72 76 59 33 70 85 56 11 20 17 94 86 18 7 63 35 98 23 18 3 57 24 18 20 94 73 54 37 51 89 11 19 65 34 38 1 20 4 9 90 75 94 17 26 48 75 18 36 34 21 46 54 34 41 30 9 41 31 37 74 54 73 84 39 25 45 93 30 3 23 71 34 29 68 44 12 94 78 12 17 13 87 82
-39 -13 -24 0
52 -81 -62 0
-62 -87 85 0
-19 32 -61 0
13 -59 -30 0
-49 -46 35 0
-17 -82 26 0
-92 -97 51 0
36 -15 94 0
-69 49 -50 0
92 31 -74 0
-72 -71 98 0
59 -79 -29 0
8 -5 -55 0
-99 1 70 0
24 -33 3 0
-85 -39 49 0
-40 -69 62 0
-22 -18 -64 0
-44 14 -74 0
97 72 -34 0
8 -79 80 0
-34 -53 46 0
60 -70 -89 0
93 -26 3 0
-24 -74 -63 0
71 50 -33 0
9 -39 -44 0
-86 51 39 0
47 -51 97 0
-56 -2 5 0
-18 53 78 0
59 -52 83 0
-12 -73 -9 0
26 61 -36 0
78 -91 -20 0
22 -58 73 0
-36 -79 99 0
6 -95 10 0
68 -70 -30 0
20 -24 -15 0
-15 -19 -77 0
56 3 -72 0
57 -92 29 0
12 91 -61 0
7 84 -99 0
-15 54 -100 0
-32 -16 -79 0
-75 55 63 0
67 -76 26 0
-65 -67 83 0
73 -53 45 0
-2 -14 74 0
-71 6 -35 0
88 40 -5 0
-76 -33 15 0
-44 29 -47 0
-15 100 -80 0
-11 -18 -96 0
44 -82 -15 0
-20 31 19 0
34 -45 -98 0
-14 -92 38 0
-15 -100 21 0
-3 -61 93 0
-82 18 16 0
-56 47 -94 0
4 -69 86 0
35 93 76 0
-44 97 -7 0
-70 -43 -98 0
-96 -60 -70 0
30 -48 -9 0
-83 47 29 0
-6 -84 -15 0
25 75 -66 0
27 41 90 0
-96 -23 81 0
-88 17 73 0
-34 -30 -41 0
-5 -86 -31 0
23 31 95 0
-90 42 16 0
49 -33 64 0
-78 -69 -67 0
69 -82 73 0
-2 -68 -8 0
-53 48 -10 0
-25 59 88 0
-19 -93 -24 0
66 33 16 0
-21 2 -24 0
-67 55 -4 0
-90 96 -67 0
-30 -1 -69 0
6 37 -5 0
-56 -9 -27 0
-30 -44 79 0
65 -69 28 0
-64 29 82 0
