c instance by G2
c solution = 1111001001100011010110110010110011010010011011101110111001001011111111000111011001100111010010001000
c Known solution cost is 2987 
p cnf 100 100
w 37 35 85 15 25 6 98 46 76 91 85 47 2 2 75 1 51 69 49 44 81 24 73 78 68 22 69 40 80 89 49 27 71 65 66 93 43 32 71 80 42 44 1 68 27 74 51 44 77 93 49 5 97 68 38 38 49 77 90 53 49 6 35 96 4 28 80 77 10 63 28 89 52 7 18 17 84 30 51 58 100 46 23 33 47 60 17 19 22 18 43 93 41 53 90 76 97 1 66 98
91 11 -29 0
89 5 -19 0
-11 -3 -100 0
-97 36 95 0
56 22 -98 0
10 44 62 0
78 91 12 0
-48 -2 26 0
5 88 48 0
82 5 -46 0
-30 34 100 0
6 38 -60 0
62 -30 51 0
4 -78 62 0
-50 -22 -39 0
91 95 -80 0
-41 -18 -50 0
-51 70 60 0
56 -32 98 0
-64 94 27 0
-66 -90 30 0
-59 92 -83 0
13 81 -6 0
-2 -46 50 0
96 41 76 0
8 -99 -29 0
-42 79 95 0
1 91 -3 0
-3 64 72 0
-85 52 -27 0
-73 95 56 0
-90 12 -14 0
-68 100 67 0
29 -68 6 0
42 -63 -45 0
-88 81 87 0
52 15 -63 0
-70 43 -86 0
-36 -7 20 0
49 6 -11 0
95 -61 46 0
-24 58 52 0
-70 71 3 0
-39 44 47 0
-1 -12 5 0
-38 -87 -74 0
65 -78 72 0
-7 -56 -69 0
33 -87 -15 0
97 -16 -27 0
-86 -24 -13 0
92 -49 -44 0
-28 -36 62 0
18 72 -86 0
-26 59 -16 0
-69 -17 -93 0
-88 -31 28 0
-30 -94 -93 0
-70 96 -9 0
25 -43 45 0
-30 -50 55 0
-40 48 -75 0
52 -35 -10 0
-53 -23 -92 0
80 14 -25 0
-75 -57 -88 0
-1 -63 -52 0
13 61 -36 0
95 32 54 0
16 72 91 0
94 -10 63 0
9 -65 -72 0
57 -68 -84 0
-4 2 -7 0
94 -71 17 0
-55 75 -54 0
71 96 21 0
-7 86 -55 0
-86 -43 93 0
69 94 -11 0
-45 -2 -89 0
-69 -58 -95 0
81 66 40 0
38 23 77 0
53 91 84 0
-55 -10 -37 0
14 -90 74 0
-64 6 7 0
-68 -69 -5 0
14 68 8 0
80 -61 -62 0
96 -81 77 0
-87 -91 35 0
-3 -8 -34 0
99 83 31 0
72 -45 -77 0
-39 -96 37 0
85 24 31 0
91 90 -58 0
-24 39 95 0
