c instance by G2
c solution = 1011111111100000000101011000001111111001110010000011011010111100111010111100100010100011011100001011
c Known solution cost is 2617 
p cnf 100 100
w 2 74 19 91 25 51 12 60 68 49 29 66 52 65 37 73 72 32 85 100 5 55 4 36 6 94 25 74 42 67 85 1 56 71 46 73 3 17 52 55 6 65 91 63 76 90 7 32 62 69 1 70 70 46 36 85 71 33 7 15 34 1 100 88 81 90 68 27 98 46 90 46 10 78 60 46 71 33 66 69 14 61 77 63 61 37 62 95 40 41 92 99 46 97 26 8 56 66 16 12
-92 -100 57 0
21 -40 -56 0
-5 8 86 0
15 -9 -84 0
96 37 -71 0
53 -36 1 0
-1 -32 45 0
-87 -21 -9 0
-11 -92 97 0
22 95 89 0
-41 -64 -45 0
26 -35 55 0
-72 -30 -97 0
66 21 -61 0
-67 -22 92 0
-51 82 -43 0
13 75 -48 0
65 -100 -6 0
59 -62 39 0
95 11 89 0
-53 -60 -5 0
72 -97 44 0
4 -51 64 0
-40 -3 -94 0
-38 89 85 0
-87 88 -24 0
-10 56 81 0
82 91 -59 0
54 -45 13 0
-57 50 3 0
-50 -45 -33 0
67 49 89 0
36 -69 -57 0
-18 -74 -66 0
-10 64 73 0
-9 -49 -11 0
-93 28 76 0
41 -77 98 0
-76 70 -9 0
-19 76 -8 0
-83 -52 -2 0
-96 -7 -55 0
83 50 -99 0
-5 -22 -14 0
60 12 84 0
-3 31 -7 0
46 20 -40 0
-32 -28 80 0
25 -45 84 0
-1 19 -23 0
-59 75 -39 0
-46 -61 -11 0
-99 93 24 0
-70 -71 68 0
-26 19 75 0
-86 58 29 0
71 -24 50 0
-10 -47 14 0
49 29 69 0
6 -25 -87 0
33 38 -90 0
51 -69 -87 0
-74 -75 30 0
50 40 94 0
62 96 -67 0
-25 77 -11 0
-73 -13 -34 0
-10 -82 23 0
89 -72 -12 0
12 9 -66 0
-52 32 96 0
10 26 84 0
-62 -99 7 0
-63 17 -100 0
-68 -69 96 0
-17 29 -97 0
21 61 58 0
-44 17 30 0
-22 -45 -89 0
-24 -51 -85 0
99 -100 -24 0
-80 17 -1 0
35 -71 79 0
74 13 -6 0
34 79 -87 0
-37 13 5 0
-16 -66 14 0
-15 44 -25 0
50 12 100 0
56 42 28 0
17 -4 -58 0
-29 16 -41 0
-98 79 94 0
-33 95 -79 0
-95 -88 -4 0
80 87 -99 0
52 95 29 0
78 -74 -27 0
-59 -72 -78 0
90 27 -55 0
