c instance by G2
c solution = 0001100100100010110000101010101111000100011101101000111111110101001010101100011110001000000010101000
c Known solution cost is 2128 
p cnf 100 100
w 54 33 67 85 33 13 99 7 90 4 53 56 6 29 75 40 96 59 83 42 68 35 38 60 88 68 91 17 5 1 45 63 73 47 94 37 97 8 52 30 14 76 5 14 58 60 75 15 30 76 9 73 47 14 41 41 66 15 15 37 73 80 65 84 42 8 31 62 8 31 46 36 42 34 25 41 72 45 94 34 79 94 55 3 76 83 79 73 81 62 65 81 11 4 28 12 34 22 10 99
-79 45 -22 0
-57 34 -11 0
-17 -29 -51 0
-54 88 49 0
90 -95 8 0
30 -19 -38 0
-88 -71 66 0
-34 -28 36 0
53 92 14 0
10 54 16 0
93 52 63 0
-10 37 -11 0
-23 -52 -32 0
32 16 -62 0
-94 50 1 0
81 36 77 0
-42 -70 -44 0
-48 83 89 0
-74 11 70 0
-59 76 69 0
88 33 22 0
-56 -47 85 0
-90 70 99 0
-5 20 56 0
83 -38 67 0
-17 -77 -59 0
80 -43 -55 0
45 -85 -98 0
-59 -14 -23 0
-64 21 -39 0
26 -13 76 0
-78 -57 5 0
100 -89 -27 0
17 10 94 0
-55 57 82 0
92 -71 -87 0
-40 21 89 0
-6 40 61 0
-21 52 22 0
-33 61 58 0
72 -2 37 0
44 -49 -57 0
-79 94 -86 0
-26 7 10 0
75 76 43 0
82 51 -72 0
83 20 -96 0
74 6 -18 0
-11 -97 -50 0
10 3 -1 0
-95 72 79 0
38 21 -27 0
97 96 45 0
-18 -53 -65 0
-75 84 77 0
-55 -35 -64 0
-74 15 19 0
-80 -68 66 0
-93 87 -9 0
-85 86 -12 0
-78 75 95 0
60 -34 77 0
89 -84 -43 0
46 63 -78 0
16 73 83 0
92 -82 87 0
-36 -23 66 0
78 40 89 0
65 -71 27 0
39 -100 -17 0
68 -83 84 0
14 -37 -95 0
-45 84 -60 0
-5 31 3 0
-80 65 18 0
48 -61 14 0
39 -53 42 0
-20 -57 24 0
-54 -16 -11 0
62 -97 14 0
52 64 92 0
84 47 -57 0
-69 70 59 0
-55 25 20 0
70 -24 -71 0
-92 -64 22 0
23 -93 51 0
-74 28 29 0
-67 -79 -76 0
36 2 -41 0
68 -99 -71 0
-7 22 87 0
36 -58 55 0
-66 -67 -58 0
-91 -42 -46 0
10 22 71 0
14 -17 -3 0
4 -33 88 0
-63 45 14 0
-30 13 22 0
