c instance by G2
c solution = 0001011101110101010010000101000110010111110011100010100110011111000111100111010010101011001001010111
c Known solution cost is 2436 
p cnf 100 100
w 12 52 78 15 86 19 15 58 7 95 98 92 46 40 7 20 26 66 41 25 94 91 22 94 60 86 58 7 94 56 12 33 96 38 19 4 13 6 61 74 75 94 16 53 86 87 22 87 50 59 5 33 4 61 47 94 25 62 76 3 36 48 97 13 31 37 78 8 34 48 8 76 85 54 5 64 55 62 40 29 6 30 3 34 76 94 49 83 71 46 15 87 95 7 87 79 32 35 82 50
28 17 2 0
-13 -8 -75 0
47 -16 -64 0
-38 -20 -85 0
-15 -26 -39 0
-87 -96 -5 0
-61 58 11 0
82 17 -9 0
-42 -45 38 0
5 -19 52 0
-2 -69 79 0
-46 -41 -77 0
-61 78 79 0
-4 31 -52 0
-24 20 -96 0
54 44 39 0
24 -79 -69 0
-96 -36 -22 0
-99 -86 54 0
34 -71 -82 0
21 -38 -51 0
-88 -6 85 0
-94 -84 -83 0
-64 92 42 0
-100 8 3 0
-99 53 -60 0
89 -25 90 0
-27 -64 -76 0
59 -44 -6 0
-61 -48 37 0
-41 75 -61 0
55 91 -46 0
55 58 -30 0
52 -35 17 0
60 -76 -56 0
-59 -60 -38 0
-70 -78 68 0
30 48 -90 0
9 -73 -78 0
2 6 -69 0
40 52 -36 0
-1 2 44 0
-76 43 -29 0
-14 9 16 0
-66 65 -91 0
-4 10 90 0
50 -88 74 0
7 17 93 0
41 -98 43 0
-12 -70 64 0
29 -41 -95 0
-37 58 -94 0
73 -49 -78 0
32 -98 84 0
-58 49 9 0
-41 55 -17 0
-3 93 -28 0
61 -16 31 0
23 -50 -33 0
79 -92 50 0
-51 98 -53 0
-42 63 -21 0
48 56 54 0
-18 -31 -57 0
-64 52 -93 0
-41 -80 90 0
69 49 25 0
-39 99 24 0
22 -96 -54 0
86 31 57 0
33 -38 50 0
-23 17 54 0
93 12 -68 0
36 5 19 0
76 90 -12 0
50 -14 -34 0
45 86 -26 0
-100 15 26 0
-94 -67 -87 0
3 -97 -61 0
35 18 -62 0
-51 -63 96 0
1 -60 51 0
-43 2 -46 0
71 -75 72 0
-10 5 -55 0
-38 94 -47 0
37 4 -68 0
100 -87 50 0
81 58 -85 0
54 -72 37 0
-85 87 -45 0
-89 66 43 0
14 -12 -81 0
-88 92 83 0
88 95 -47 0
-65 48 -39 0
-28 70 86 0
62 72 -38 0
-87 46 23 0
