c instance by G2
c solution = 1100101111011010111100110111010101010010010101000000010011001100100011111101011111101011010101010001
c Known solution cost is 2570 
p cnf 100 100
w 58 7 51 35 24 80 61 54 54 84 46 37 68 38 61 18 29 78 98 25 72 100 70 18 21 68 56 68 73 50 25 31 95 48 51 76 2 73 25 57 73 14 85 28 72 39 9 33 80 33 21 61 12 1 56 92 50 46 21 85 93 88 77 85 45 36 99 27 20 87 100 5 67 48 23 56 50 23 31 58 94 78 28 44 7 16 17 15 96 17 35 12 81 2 24 91 26 76 32 62
-15 77 8 0
94 -74 11 0
-83 40 73 0
-93 37 -8 0
-86 -44 33 0
-19 -45 86 0
57 68 3 0
-87 -32 -91 0
56 79 31 0
97 -35 86 0
32 22 -82 0
84 -87 39 0
33 87 14 0
48 -18 100 0
91 62 -5 0
-42 20 33 0
45 -90 -56 0
60 -75 -28 0
-65 76 -28 0
-81 59 -63 0
-71 85 -23 0
74 11 -34 0
-21 41 37 0
37 11 -59 0
41 -34 61 0
4 -48 89 0
-16 37 -70 0
-96 19 41 0
-66 -65 55 0
-87 -53 31 0
77 -32 92 0
-73 90 -81 0
-96 23 -80 0
-38 -78 -27 0
70 51 41 0
-60 -74 52 0
-74 -43 -90 0
-57 16 42 0
-36 -40 -57 0
15 -24 -26 0
11 -32 -3 0
-20 59 71 0
-9 89 13 0
82 -61 6 0
38 -95 -42 0
11 -1 -98 0
43 -12 -97 0
1 38 45 0
-89 -61 43 0
-11 63 -58 0
-25 43 -42 0
-100 83 -70 0
-71 66 -22 0
86 -47 64 0
45 21 17 0
86 -82 12 0
96 43 -57 0
-6 95 43 0
-37 95 53 0
-80 -14 -34 0
66 -34 78 0
-57 21 10 0
28 41 38 0
-85 -67 -83 0
-76 69 -88 0
-34 9 -18 0
-18 -99 64 0
-55 -5 -100 0
27 -42 51 0
-77 89 -62 0
95 -28 44 0
46 -73 -82 0
7 95 67 0
-10 -61 58 0
72 -15 21 0
-94 -9 -29 0
-80 -36 65 0
21 26 -73 0
-92 -50 89 0
-64 11 -82 0
-18 53 36 0
81 -44 50 0
-41 4 -46 0
52 -20 5 0
-42 -79 -31 0
51 -49 -2 0
91 34 -78 0
30 75 -81 0
-84 77 75 0
-8 88 -54 0
54 -100 50 0
35 47 -52 0
86 3 -51 0
-33 -54 48 0
99 -34 -4 0
-61 24 -80 0
-78 2 67 0
-68 -58 -71 0
60 80 -34 0
-72 18 38 0
