c instance by G2
c solution = 1100001001100011100110111100111001011100010111100110100000111011101110001111110100100110010111101110
c Known solution cost is 2692 
p cnf 100 100
w 12 43 41 99 97 27 77 57 44 12 13 44 99 55 8 77 79 86 25 10 93 38 61 64 47 95 41 92 24 30 95 22 34 25 64 19 36 47 5 11 6 85 15 97 68 28 18 87 5 54 90 25 71 64 37 15 78 59 40 73 77 67 32 58 14 5 57 21 67 63 8 66 16 49 79 10 24 9 54 49 68 54 3 77 89 98 57 92 5 28 54 59 41 89 58 98 71 14 21 61
56 -29 67 0
-73 -66 5 0
-32 96 -46 0
48 30 40 0
-89 52 32 0
-9 -10 -53 0
58 -79 -97 0
-15 97 -26 0
-78 -42 93 0
27 -18 96 0
-68 -69 75 0
-94 -39 12 0
11 -80 18 0
-21 78 54 0
35 59 -2 0
72 -33 -53 0
5 -73 -35 0
-45 83 40 0
4 42 66 0
-25 41 47 0
6 87 5 0
-47 -21 36 0
-19 -77 -92 0
-2 -69 -62 0
19 77 -42 0
-47 13 74 0
22 -29 23 0
34 62 -26 0
-10 -74 2 0
-34 3 10 0
81 -78 -43 0
19 12 -55 0
-73 64 79 0
91 -50 86 0
-30 27 -41 0
-26 -36 37 0
-72 -75 -86 0
-90 -29 -40 0
73 -50 -10 0
-82 -76 -92 0
-49 -99 -46 0
-78 -58 -37 0
7 88 -86 0
-21 -64 -5 0
100 -65 -22 0
29 -23 -69 0
17 -23 -37 0
-44 61 -37 0
99 -45 -74 0
-98 -11 -3 0
-78 -42 -91 0
-50 24 -95 0
-30 -44 51 0
60 -94 -37 0
-68 4 26 0
-77 -17 15 0
21 18 -34 0
-12 5 4 0
-95 -60 -14 0
-88 -90 -44 0
25 62 -17 0
-99 -87 94 0
33 63 -11 0
-54 72 32 0
96 -13 -31 0
89 -69 -56 0
55 -34 -48 0
82 -71 -97 0
-30 -6 -75 0
-17 -8 -76 0
44 56 22 0
43 80 -29 0
92 -74 -50 0
-16 40 65 0
18 95 -53 0
1 -83 28 0
43 -37 31 0
-38 79 -85 0
-1 88 68 0
8 -29 45 0
20 52 6 0
46 -15 -38 0
-97 -100 -11 0
-94 98 -76 0
35 72 -28 0
58 -7 -4 0
-23 -77 90 0
-20 88 -81 0
-27 4 62 0
-23 -17 -70 0
53 3 57 0
-36 56 76 0
-1 33 69 0
18 43 38 0
-99 -57 41 0
16 -31 -93 0
13 -65 -52 0
-64 -10 50 0
-74 -38 -84 0
-96 -92 -21 0
