c instance by G2
c solution = 0110111101100100110101111010111100011010000100000001101100011111101011100001011111100101000111101010
c Known solution cost is 2326 
p cnf 100 100
w 40 99 7 54 76 34 9 24 55 39 28 75 24 16 37 81 25 90 88 26 27 13 41 10 95 60 31 18 14 71 84 39 77 15 71 55 33 23 4 76 85 50 19 16 40 74 29 63 5 58 90 78 14 72 81 44 52 81 22 7 12 41 53 37 81 22 9 21 52 37 51 65 77 73 27 67 4 41 48 12 55 71 5 71 59 84 3 61 16 24 39 61 62 26 44 4 80 80 33 24
-80 29 68 0
-55 -51 28 0
-56 -72 -94 0
73 61 -53 0
13 -61 18 0
9 -26 -88 0
-84 45 -60 0
-64 -40 -11 0
-11 -53 67 0
15 46 20 0
19 68 88 0
-37 32 85 0
-45 -39 19 0
43 -5 -91 0
-86 -95 -1 0
75 1 -74 0
-32 100 -19 0
-54 -88 48 0
95 -11 -79 0
-5 -85 42 0
-25 -27 36 0
-42 38 -14 0
-66 -20 -93 0
-3 -92 25 0
-7 -20 22 0
17 35 91 0
-87 91 -80 0
59 -38 1 0
87 -24 8 0
-94 34 27 0
-8 -30 -43 0
-73 58 -86 0
31 -56 -20 0
72 -93 -100 0
48 62 -37 0
5 -31 89 0
19 -16 73 0
59 -32 -49 0
-34 33 100 0
-62 85 94 0
-20 -6 80 0
56 -86 -88 0
-7 -13 15 0
63 72 -25 0
-69 -59 72 0
70 -14 50 0
39 42 19 0
-24 90 -12 0
-58 15 38 0
-95 51 -21 0
-35 54 38 0
-93 78 48 0
-71 59 -89 0
-75 73 12 0
-28 34 -79 0
66 -53 44 0
89 93 -52 0
-57 -23 13 0
-68 -82 47 0
-95 46 99 0
-18 -17 2 0
-17 -4 -94 0
23 -80 -39 0
19 -98 51 0
-9 -61 84 0
52 -80 -37 0
-90 -44 -56 0
82 -94 -23 0
-76 7 -63 0
-61 -46 -37 0
79 26 -93 0
54 92 -80 0
73 -41 46 0
-14 -77 26 0
-23 24 -27 0
-99 -96 49 0
73 -14 37 0
86 84 -32 0
13 -52 97 0
53 -2 -69 0
-70 42 64 0
11 -29 68 0
13 65 -8 0
71 -39 72 0
74 6 -53 0
3 38 54 0
-29 -50 77 0
42 -44 55 0
-94 -81 -47 0
13 -63 -48 0
10 -83 59 0
76 -83 -93 0
-3 -15 85 0
46 69 -20 0
43 14 -61 0
-29 83 43 0
41 -3 -33 0
21 46 60 0
-95 13 81 0
74 30 -78 0
