c instance by G2
c solution = 0101100010101011110011101101110011000011100011100000000001001000010100010111100101110001001100101011
c Known solution cost is 2236 
p cnf 100 100
w 73 94 73 40 58 57 96 66 29 43 35 54 78 26 94 8 47 11 95 68 25 64 4 81 91 99 29 96 7 53 40 66 64 49 41 87 22 32 10 8 4 61 4 85 1 2 53 63 49 73 65 97 32 10 7 77 87 96 64 61 16 3 22 78 6 89 74 78 56 20 83 80 75 5 56 98 6 93 12 91 63 79 42 10 50 54 25 69 67 53 97 49 81 11 67 65 7 62 17 60
-72 -20 -92 0
-97 -65 -28 0
-80 -56 63 0
-67 96 -29 0
18 14 -92 0
34 -45 59 0
30 -39 7 0
-30 15 93 0
12 95 53 0
-45 -86 -28 0
-28 -59 -39 0
33 53 -34 0
93 58 86 0
63 27 -3 0
37 100 69 0
-45 53 76 0
49 96 41 0
97 -61 14 0
93 8 -6 0
-90 53 -41 0
94 81 -1 0
17 62 -26 0
87 3 -38 0
-75 -70 59 0
-48 54 38 0
-87 -72 -75 0
52 -71 31 0
-12 42 -40 0
35 -89 69 0
77 -100 64 0
-96 10 20 0
38 -73 12 0
-4 -64 -75 0
13 -88 -91 0
85 28 -84 0
-66 -78 -2 0
-30 53 9 0
70 4 7 0
27 75 -99 0
21 64 -5 0
55 85 -63 0
-23 -16 99 0
-42 -91 -76 0
-45 -44 -75 0
37 39 -40 0
-98 -9 85 0
-75 -46 40 0
-13 36 -54 0
54 -32 -17 0
2 -11 -39 0
-91 70 -60 0
-17 82 65 0
-41 -93 -68 0
73 31 80 0
-7 44 -34 0
49 -84 -85 0
1 -22 -49 0
-77 14 83 0
-97 -79 93 0
-69 50 -26 0
61 14 -80 0
56 -27 -75 0
31 -37 -82 0
32 46 42 0
-28 -13 5 0
-16 -24 -47 0
-26 23 -58 0
-5 11 89 0
-76 92 -39 0
69 88 54 0
-95 -22 29 0
70 12 25 0
87 47 -33 0
84 96 35 0
22 -4 94 0
-53 52 -91 0
-94 10 -76 0
-43 -22 -41 0
91 -47 57 0
-81 49 14 0
72 -40 -41 0
-72 -15 -57 0
59 68 -99 0
62 -36 71 0
45 7 63 0
38 71 -14 0
-35 67 32 0
-46 10 66 0
-52 -46 3 0
-23 -82 -62 0
-51 42 59 0
-55 49 -30 0
-19 42 89 0
-47 67 16 0
-45 56 -8 0
26 -28 57 0
94 -50 -80 0
-58 12 -10 0
74 38 -9 0
-31 20 -41 0
