c instance by G2
c solution = 0110110011000000011001100000110110101010011101001101101101110000010111011001011110111111000110111100
c Known solution cost is 2211 
p cnf 100 100
w 6 42 64 49 15 22 90 68 100 30 94 50 46 84 15 24 64 50 21 53 44 14 73 85 5 76 83 1 16 82 30 5 3 18 22 50 39 69 1 81 78 40 6 3 80 6 84 98 27 14 89 39 50 60 75 4 89 39 53 84 100 78 53 70 16 78 80 73 83 11 43 65 20 3 33 80 7 38 68 30 17 11 24 36 58 73 34 100 1 78 54 24 89 49 22 78 8 63 33 22
87 -85 28 0
-39 50 -80 0
96 82 -52 0
15 -93 -31 0
-9 99 60 0
65 -34 82 0
-27 -69 -81 0
100 39 51 0
-60 -49 -47 0
4 81 -78 0
-45 -92 47 0
-4 -73 91 0
-44 74 -61 0
89 84 -6 0
71 80 12 0
13 -30 68 0
-23 37 -44 0
-19 33 -56 0
-66 -82 -87 0
54 1 -99 0
77 -18 -28 0
71 94 5 0
75 -55 6 0
-30 -73 -57 0
75 -98 88 0
85 54 63 0
1 25 70 0
-85 -48 -44 0
49 38 -73 0
-53 98 38 0
-26 11 61 0
53 -23 1 0
90 77 -63 0
11 45 43 0
58 -30 -10 0
-86 24 -91 0
-36 -60 91 0
-69 19 1 0
4 35 -52 0
-9 97 -19 0
12 -33 -8 0
69 99 -95 0
-46 9 17 0
31 -43 -17 0
21 -74 -37 0
-90 -60 57 0
17 54 3 0
20 63 -16 0
73 -83 77 0
-71 -95 -80 0
32 82 40 0
94 -24 27 0
-25 47 11 0
66 -76 99 0
54 51 -89 0
-65 8 -19 0
-67 21 -44 0
64 -41 -66 0
12 -14 -2 0
13 74 -15 0
56 -69 -92 0
-44 -98 59 0
-38 8 54 0
-51 36 -49 0
93 48 -81 0
13 -10 52 0
-98 -1 -86 0
94 29 100 0
-92 -18 79 0
-21 63 -95 0
31 -88 -11 0
-81 86 -37 0
-50 82 -54 0
-100 -83 74 0
-55 -29 30 0
-93 -6 -7 0
-43 -6 -20 0
-12 -73 -72 0
2 38 -39 0
-75 63 14 0
-22 41 76 0
90 82 46 0
-40 25 -72 0
24 17 -77 0
-96 -30 -64 0
-96 89 72 0
78 -37 -50 0
18 75 -84 0
55 -52 -85 0
-13 -50 -42 0
22 -3 99 0
23 -5 1 0
83 -29 4 0
94 26 10 0
-60 -88 -62 0
-98 16 42 0
-9 1 44 0
-37 67 92 0
95 -19 -35 0
-60 -73 -94 0
