c instance by G2
c solution = 1000001111011101001000000110001010011101010100010000101101001010101011011011000101101011000100110111
c Known solution cost is 2717 
p cnf 100 100
w 92 15 79 59 17 69 31 43 81 68 85 93 76 24 9 54 91 57 69 75 42 62 94 14 86 15 70 98 33 83 23 28 52 88 93 26 10 40 69 16 63 66 43 66 33 5 30 84 97 92 97 13 59 22 21 71 65 99 64 68 96 68 39 39 93 6 82 28 50 69 30 62 39 70 69 39 83 91 27 46 31 17 93 99 40 33 86 49 93 70 44 20 69 51 83 61 1 91 90 54
15 16 77 0
-97 5 77 0
47 -72 83 0
-12 -54 21 0
90 38 -7 0
33 64 -99 0
14 -55 -88 0
23 -82 36 0
-52 -7 34 0
-73 99 93 0
-40 75 -100 0
62 -1 10 0
13 17 43 0
1 -95 54 0
-59 -44 -58 0
93 -20 -37 0
-30 -42 -63 0
-49 93 -69 0
-70 -95 19 0
-12 -72 -15 0
-90 24 -56 0
-40 -80 42 0
76 -75 -67 0
-99 63 25 0
-74 78 71 0
-27 82 3 0
77 -38 -24 0
-8 45 -2 0
96 -99 -63 0
85 -26 -36 0
-76 -53 -57 0
-33 -36 -4 0
-92 -78 29 0
-44 -42 -39 0
34 -43 -61 0
-61 78 27 0
-70 72 -87 0
71 -21 -12 0
-95 37 -83 0
34 -3 29 0
43 -69 -28 0
24 30 -41 0
73 41 -85 0
41 98 -42 0
-70 -10 -47 0
-63 -44 8 0
12 -73 -31 0
30 -77 -9 0
18 39 -68 0
45 53 -31 0
9 -76 -58 0
-10 -84 34 0
-69 -88 -79 0
-98 -99 65 0
-99 66 61 0
30 -70 48 0
-80 -16 95 0
-48 -71 29 0
-96 -61 -11 0
11 93 -51 0
-80 -38 88 0
97 30 -6 0
-99 -82 -86 0
32 66 -5 0
5 -81 -56 0
-44 92 -31 0
-87 4 80 0
26 84 49 0
-35 30 23 0
-73 64 -18 0
-44 35 31 0
43 -67 -25 0
-64 -1 -14 0
-56 32 -22 0
30 60 100 0
44 93 -36 0
-10 34 -23 0
-100 -38 67 0
56 4 -40 0
7 79 11 0
5 -69 -62 0
23 74 -29 0
70 46 -1 0
-34 81 -1 0
-17 -100 18 0
-73 -50 41 0
29 40 -96 0
-91 -53 -10 0
-92 60 -46 0
24 58 18 0
89 -13 -32 0
-13 -93 46 0
-94 4 -65 0
77 -60 50 0
87 -69 -75 0
57 64 55 0
-26 28 -45 0
-89 24 -58 0
52 -33 -66 0
90 30 69 0
