c instance by G2
c solution = 0011101100000011001011001001000100110001110011000011111111000111111111010110111011010010000001000001
c Known solution cost is 2458 
p cnf 100 100
w 83 31 98 68 97 29 43 70 95 13 56 93 61 67 34 39 11 39 88 17 56 6 48 23 21 89 70 8 19 60 77 87 2 76 57 70 64 39 65 78 54 79 55 94 100 25 72 100 19 2 31 24 10 11 70 77 15 34 2 32 35 38 9 84 65 96 17 95 93 9 97 62 18 62 27 53 67 31 5 39 78 88 85 4 36 26 7 86 90 74 5 86 3 11 5 82 40 84 47 60
-15 88 -99 0
-56 -30 47 0
-6 98 -4 0
23 33 70 0
50 52 85 0
-64 7 43 0
63 76 6 0
-35 1 41 0
-46 -52 56 0
-40 -25 -37 0
10 -42 57 0
-12 50 -87 0
11 -13 9 0
24 -69 -83 0
82 -3 -100 0
54 -22 59 0
69 34 39 0
96 -44 -51 0
13 -62 74 0
76 84 -25 0
-73 20 -32 0
-86 38 50 0
24 37 -90 0
-35 -56 -97 0
-16 99 -95 0
13 42 -16 0
-23 20 91 0
-71 29 61 0
-7 49 -34 0
-58 81 98 0
-58 62 -87 0
-75 -88 71 0
-28 38 40 0
-94 -18 -54 0
49 26 -89 0
-11 -3 44 0
-51 -10 -52 0
1 48 100 0
61 50 -33 0
-2 -54 -58 0
39 75 9 0
-22 -42 -93 0
55 -22 10 0
28 -42 -58 0
11 -38 -81 0
-35 -85 -40 0
15 98 83 0
78 -57 1 0
21 -100 -15 0
71 -59 -100 0
36 20 -87 0
-46 -48 47 0
86 35 88 0
30 99 -76 0
99 -20 -53 0
12 -80 43 0
-51 48 4 0
37 76 53 0
-47 20 -66 0
-25 32 -74 0
-67 -1 -75 0
-79 37 -60 0
88 -50 60 0
-94 97 65 0
47 38 -24 0
-51 46 60 0
89 -81 87 0
16 20 -4 0
-5 45 90 0
11 -49 -32 0
30 39 66 0
-17 -21 34 0
-45 -63 3 0
20 -55 79 0
-25 77 95 0
-29 13 -32 0
-43 50 -7 0
-7 -68 -92 0
-45 -66 -96 0
89 39 -91 0
-64 -65 25 0
6 -98 86 0
73 72 -40 0
-4 19 14 0
-67 -58 -31 0
20 -79 -26 0
71 85 -61 0
-53 59 22 0
-70 8 -41 0
-46 95 64 0
-53 -9 99 0
10 18 51 0
-14 -54 -78 0
-32 76 67 0
43 -27 10 0
38 -65 -39 0
-19 68 -25 0
5 -64 97 0
90 27 58 0
11 -45 94 0
