c instance by G2
c solution = 0001010010001111101010110000010011001100011100001001011010100110110111011110100101001101000001111111
c Known solution cost is 2193 
p cnf 100 100
w 86 88 40 88 74 37 7 7 18 13 48 95 53 16 52 22 45 61 86 34 18 38 81 18 98 15 90 71 1 77 42 41 23 16 36 69 38 94 8 68 26 8 36 6 67 43 89 90 13 68 88 30 31 20 65 11 80 27 78 4 68 90 62 32 23 60 83 48 57 3 92 10 25 27 37 18 79 32 70 93 57 10 31 21 98 31 39 29 50 13 89 50 88 41 35 72 21 26 67 31
36 -90 -9 0
34 10 47 0
-9 -13 -5 0
3 28 16 0
27 -88 -25 0
-66 1 62 0
1 -56 50 0
-57 66 -43 0
13 -80 28 0
-97 -61 26 0
-29 41 18 0
-47 45 -82 0
-100 -22 58 0
90 40 -32 0
26 -45 60 0
-49 35 -84 0
-2 92 25 0
-46 -54 67 0
-73 -24 -41 0
4 60 -86 0
-49 70 -80 0
-73 50 38 0
96 -98 -34 0
57 76 48 0
-63 68 -100 0
9 -30 -62 0
27 -89 36 0
61 -71 -80 0
79 -94 80 0
-86 100 -65 0
-99 19 -30 0
83 43 67 0
33 -74 64 0
-59 -60 8 0
-70 -11 10 0
8 -31 -33 0
-39 -72 -16 0
-100 -27 10 0
-98 51 23 0
-80 -63 -18 0
-88 -66 52 0
-88 -73 -8 0
24 39 50 0
72 -57 71 0
3 36 42 0
-30 85 36 0
35 88 11 0
-99 -92 -62 0
-83 84 8 0
-96 -65 98 0
-82 -40 58 0
-42 -16 -35 0
-67 -77 41 0
29 -58 36 0
84 54 50 0
-65 5 49 0
-53 10 71 0
91 18 74 0
-38 8 -93 0
-86 -75 -36 0
59 64 -70 0
64 63 39 0
-80 -3 -96 0
30 -80 35 0
56 99 3 0
-42 -21 73 0
-10 -55 89 0
-62 36 -76 0
-7 29 -68 0
-82 -51 11 0
86 89 48 0
21 41 -100 0
26 51 -91 0
-77 58 -1 0
69 -16 2 0
75 -42 -13 0
-26 -4 22 0
44 -57 31 0
-57 3 -20 0
-44 37 -4 0
-79 71 32 0
91 -50 -73 0
-21 82 -88 0
-97 -12 -4 0
18 55 12 0
-80 53 15 0
6 -96 -82 0
94 -70 3 0
14 76 78 0
25 -88 -87 0
36 87 -64 0
-96 -44 -78 0
-52 -69 65 0
-85 77 -100 0
31 97 -19 0
22 -99 -48 0
20 17 90 0
-72 8 -28 0
95 60 -19 0
-81 93 -82 0
