c instance by G2
c solution = 0111001100001100111110010010001110101010010100000001001001100011010000010000101100001111000010111110
c Known solution cost is 1816 
p cnf 100 100
w 18 8 49 8 63 75 7 87 73 81 20 5 83 16 24 38 4 55 62 8 49 58 75 11 84 93 39 45 94 27 28 76 80 84 12 65 24 60 85 96 73 66 64 8 43 91 30 32 59 67 53 11 23 22 13 32 14 46 27 2 100 5 10 26 60 63 60 56 16 24 82 83 6 39 89 32 69 82 21 33 39 59 28 77 87 62 49 42 77 94 11 20 27 16 56 56 75 41 54 36
100 31 71 0
-26 -42 78 0
-53 43 36 0
71 -47 -14 0
-63 -55 -61 0
52 82 11 0
-95 -54 -97 0
76 86 46 0
-68 -17 69 0
47 -41 28 0
-88 9 79 0
10 33 36 0
-57 73 49 0
-79 66 69 0
-36 71 -88 0
56 -90 -44 0
69 6 -78 0
41 98 65 0
70 -4 -51 0
63 -8 40 0
-13 27 36 0
94 -48 47 0
53 26 -92 0
-24 -11 -37 0
-44 20 60 0
-39 67 -30 0
-16 50 25 0
4 -31 1 0
46 23 -75 0
56 -69 51 0
26 19 -80 0
-28 73 47 0
21 -87 11 0
12 24 -66 0
87 -52 -17 0
-62 47 78 0
-81 75 6 0
64 -21 -44 0
-2 83 85 0
-10 12 -72 0
-56 -13 67 0
42 34 -52 0
60 50 -29 0
-14 96 61 0
-65 -42 38 0
-7 15 39 0
10 76 8 0
82 9 -15 0
41 44 28 0
2 -33 -18 0
6 59 34 0
-45 100 -44 0
75 -87 14 0
-8 97 -86 0
1 -82 41 0
68 53 13 0
-50 71 81 0
-67 -87 -39 0
-93 51 -5 0
-33 16 -46 0
-20 -35 7 0
36 -58 -74 0
-77 -66 -76 0
69 17 45 0
3 -66 -13 0
-91 -52 89 0
-7 -55 -25 0
16 99 65 0
5 -1 38 0
75 -9 74 0
-79 37 -87 0
88 46 38 0
-66 -84 74 0
-7 67 93 0
90 58 41 0
83 74 -23 0
-71 -80 -95 0
73 56 77 0
-17 18 83 0
-95 -34 -3 0
80 -64 -7 0
41 72 -27 0
-94 100 -79 0
43 -17 35 0
-73 -14 -13 0
-100 45 -20 0
-22 1 -20 0
95 48 -24 0
46 49 -43 0
-20 -60 -44 0
-7 -35 32 0
-49 67 -37 0
34 -95 -89 0
11 -83 38 0
-27 -12 -2 0
75 -40 57 0
55 54 -37 0
-59 -38 -63 0
9 -31 -6 0
-70 -77 -55 0
