c instance by G2
c solution = 0101101011000010001000011111101010111100010100001000010101101100010010010001111001101110000111001000
c Known solution cost is 2369 
p cnf 100 100
w 51 56 35 13 64 52 67 25 70 66 55 94 9 89 84 73 87 5 67 55 88 16 6 11 20 64 96 72 20 56 22 58 28 1 75 12 12 61 96 70 52 88 69 76 62 64 55 7 11 8 13 14 51 44 7 73 51 24 34 78 46 53 45 77 40 30 98 7 85 92 73 54 36 89 39 77 23 99 77 29 15 3 63 21 78 12 93 60 71 81 57 64 70 75 56 14 37 60 26 37
-89 63 90 0
11 -50 3 0
-68 67 -61 0
50 66 23 0
23 58 34 0
-81 90 -97 0
12 -78 28 0
37 -7 68 0
-30 43 52 0
53 29 -58 0
89 15 -19 0
54 -61 34 0
-49 43 94 0
-27 -65 -2 0
-41 73 45 0
82 71 18 0
56 34 74 0
57 41 10 0
60 -67 -2 0
-9 59 -24 0
1 14 61 0
-26 68 44 0
-51 -66 -29 0
-80 91 8 0
30 -12 -27 0
5 -44 90 0
96 -2 -13 0
96 -34 32 0
-27 -99 74 0
-39 -85 -9 0
35 -2 71 0
67 -2 -100 0
90 86 -56 0
47 55 38 0
88 26 -86 0
14 -38 -60 0
17 19 96 0
64 78 1 0
-25 63 27 0
75 24 23 0
-70 98 -86 0
64 46 -57 0
73 -40 -54 0
-16 -10 -97 0
33 -77 50 0
-19 -73 -29 0
40 -53 -25 0
84 -91 55 0
-63 20 64 0
2 -61 74 0
12 95 36 0
-48 41 84 0
-4 -85 -46 0
68 -24 97 0
18 52 4 0
73 -33 93 0
-10 77 -49 0
-69 -55 8 0
25 1 -31 0
83 1 -59 0
-71 50 53 0
41 -49 69 0
-35 -90 -49 0
-6 71 74 0
13 57 -88 0
40 60 -8 0
-27 9 68 0
-64 -58 -69 0
46 72 -26 0
-38 98 87 0
89 -21 22 0
-31 -3 -66 0
23 79 6 0
-11 -85 -49 0
-74 -24 34 0
-9 84 85 0
-87 42 -2 0
91 41 92 0
-23 63 41 0
16 31 -2 0
-1 57 -61 0
40 -14 -77 0
98 76 68 0
-42 -75 65 0
-58 22 -20 0
-94 49 57 0
-18 80 -82 0
-31 84 -96 0
-25 -85 -45 0
-37 -95 -4 0
-54 -52 3 0
-22 53 90 0
-47 17 52 0
98 -87 7 0
-42 -72 62 0
95 -62 -98 0
-37 -38 -32 0
3 -43 -66 0
32 -84 -56 0
81 3 -17 0
