c instance by G2
c solution = 0001011111001110011100111101110001010111111010001011110001100011011001011000100000011100001001101000
c Known solution cost is 2366 
p cnf 100 100
w 46 99 66 26 65 64 23 16 30 94 93 44 52 65 86 28 100 49 40 79 67 4 79 14 90 48 60 10 28 75 6 57 46 3 72 15 10 79 97 49 2 28 93 15 77 89 2 52 7 7 47 9 28 55 8 66 14 32 14 17 37 64 81 77 25 89 32 90 44 83 23 60 57 98 57 95 13 29 21 92 77 27 71 50 11 22 11 91 67 16 4 23 88 35 54 35 95 47 91 88
-27 74 -40 0
-57 35 3 0
96 -1 -51 0
-36 32 38 0
-48 -73 -58 0
35 -77 67 0
69 -36 28 0
-58 -20 -100 0
-72 4 3 0
-91 -77 -79 0
11 -80 88 0
-53 -46 -66 0
82 74 85 0
75 84 -73 0
-54 -58 -74 0
91 -73 -4 0
-40 6 -58 0
79 -26 -76 0
-14 53 79 0
16 80 86 0
57 -15 -16 0
-77 37 51 0
-38 100 54 0
49 16 2 0
-77 -4 36 0
-25 16 66 0
-40 89 29 0
-10 41 -25 0
-59 -38 -87 0
98 -8 20 0
90 88 43 0
-26 -10 14 0
-21 62 -38 0
48 80 52 0
-73 30 16 0
-72 40 -59 0
37 -63 58 0
83 64 17 0
-15 46 -89 0
65 18 -7 0
-73 -68 -49 0
16 -36 -71 0
55 -39 94 0
33 7 99 0
-92 -49 -38 0
-58 99 10 0
76 70 -7 0
95 81 -67 0
48 92 -81 0
1 -49 -90 0
-70 -47 -6 0
11 -91 34 0
-84 26 -18 0
-51 -64 -11 0
-62 -9 12 0
25 -29 -8 0
-42 -58 13 0
93 42 44 0
-64 45 56 0
31 -97 73 0
32 23 44 0
56 31 -98 0
99 97 37 0
-14 -33 -25 0
80 63 22 0
75 -23 -12 0
-40 39 68 0
-55 -59 82 0
-54 -2 65 0
-37 -9 -6 0
19 -36 -29 0
37 55 -22 0
-61 -13 -67 0
-13 -15 -56 0
-97 -73 -88 0
-28 -43 -32 0
79 -44 75 0
69 50 -5 0
83 -31 -59 0
-41 59 -18 0
-97 -3 2 0
44 100 -82 0
76 -91 -60 0
-65 -94 -28 0
-70 -50 61 0
15 -24 -58 0
-96 -28 3 0
68 -75 22 0
8 92 -53 0
-93 -19 88 0
72 96 -40 0
-99 -91 -64 0
-78 21 31 0
17 9 82 0
55 -83 -51 0
-72 24 -7 0
88 -67 -69 0
-35 -10 -72 0
93 -59 -17 0
65 77 61 0
