c instance by G2
c solution = 1000100110001111111110001011100110011101100000101000011010101111101111101110000110101011010010100000
c Known solution cost is 2547 
p cnf 100 100
w 6 88 79 3 15 25 6 10 71 61 85 33 78 7 6 50 23 23 10 69 77 37 82 73 27 75 94 81 3 52 89 50 88 42 92 71 74 54 44 16 13 81 16 64 19 35 88 91 31 43 26 4 71 49 6 62 23 48 45 44 13 98 99 29 86 56 26 79 9 21 2 79 26 93 74 9 14 8 54 50 87 78 69 57 19 81 65 96 92 89 73 22 86 93 73 3 84 55 23 86
-56 7 -74 0
99 15 72 0
-58 3 -33 0
-8 32 -83 0
82 33 6 0
-76 -27 53 0
-28 -8 -2 0
-82 12 11 0
14 58 -61 0
-29 11 -66 0
36 91 97 0
-86 45 4 0
48 -89 99 0
82 50 21 0
-91 -81 76 0
-70 65 97 0
1 31 84 0
-60 86 -38 0
30 -11 86 0
28 -47 -67 0
-93 74 -28 0
71 84 -55 0
-71 -97 24 0
-99 -40 -27 0
40 94 -29 0
80 3 -38 0
55 82 -47 0
-33 89 81 0
98 27 -59 0
-64 43 85 0
-27 -7 -37 0
-16 -39 44 0
-87 -36 -23 0
82 5 -20 0
-26 12 34 0
25 -55 -29 0
69 26 -18 0
-30 34 72 0
-20 -34 -70 0
7 -84 -32 0
-95 -57 -79 0
23 34 18 0
75 -33 -64 0
-13 10 73 0
3 92 70 0
83 96 -61 0
-96 -62 -36 0
89 76 -92 0
-42 -70 -57 0
50 12 17 0
-77 100 -15 0
62 12 -37 0
7 44 -98 0
-12 -17 43 0
61 -95 6 0
-44 82 34 0
57 77 -61 0
49 10 94 0
37 60 11 0
-93 66 54 0
-78 66 26 0
-24 58 34 0
31 -10 26 0
46 13 76 0
-83 2 -53 0
-1 56 -72 0
-55 -54 20 0
-67 -48 -18 0
94 -61 68 0
-51 44 -95 0
56 -57 38 0
26 66 -100 0
-49 45 8 0
-55 30 -3 0
59 -93 -81 0
-50 98 4 0
-65 -80 -31 0
4 97 9 0
97 90 91 0
-1 -22 -65 0
35 94 88 0
-57 64 98 0
-15 93 -47 0
79 30 -4 0
-54 -64 -46 0
-90 56 67 0
100 95 -41 0
-6 77 -80 0
29 -25 -8 0
41 10 -40 0
-88 63 -81 0
19 12 45 0
-37 -43 -55 0
6 -54 16 0
78 47 3 0
56 -94 -37 0
87 58 -29 0
-35 -81 -54 0
-52 82 -95 0
4 -45 97 0
