c instance by G2
c solution = 1011011110111110110000100110010000000000101010000111100101111000110110010101010110100010011011011001
c Known solution cost is 2449 
p cnf 100 100
w 52 1 5 60 69 84 11 97 54 51 64 58 24 83 10 24 28 86 75 14 26 82 47 7 81 40 18 13 50 43 47 2 61 25 40 5 1 44 14 27 29 7 62 61 1 6 53 16 39 34 56 26 6 32 89 11 22 70 38 40 83 20 21 78 91 63 17 77 17 44 31 37 2 37 50 61 93 10 14 85 33 12 88 79 61 50 57 71 41 90 83 2 90 77 79 28 54 12 64 51
63 -10 -15 0
-23 -65 -31 0
17 33 -91 0
22 3 -87 0
77 29 14 0
53 -9 19 0
16 12 73 0
-14 63 -98 0
-8 86 -85 0
33 -64 -76 0
-99 28 -9 0
5 -29 19 0
-38 -97 47 0
32 46 68 0
10 -72 -21 0
40 -35 99 0
-90 -47 10 0
-71 -26 -45 0
-17 10 6 0
-1 2 69 0
78 -9 -15 0
54 97 -66 0
55 -52 76 0
65 31 63 0
-41 -15 -82 0
79 -22 -45 0
-15 -44 -53 0
1 -78 -26 0
-46 47 -65 0
-1 96 44 0
-96 -18 -95 0
2 -41 -62 0
-96 -9 -39 0
-16 95 -94 0
-8 11 -23 0
5 -73 25 0
60 10 95 0
-97 80 -50 0
-41 38 -49 0
47 79 59 0
-91 32 27 0
-84 33 62 0
2 18 -72 0
-55 -6 39 0
-78 -50 91 0
-17 70 72 0
52 -41 71 0
71 98 23 0
51 -7 -3 0
-12 95 -34 0
-74 -86 5 0
-26 71 -79 0
-72 -45 83 0
15 19 -59 0
28 -75 71 0
-90 41 36 0
-26 -78 50 0
-56 82 43 0
39 -40 44 0
-45 74 -15 0
-92 46 -74 0
-28 -23 -15 0
87 29 64 0
33 -96 -42 0
-7 44 -33 0
55 -96 13 0
-89 46 -30 0
-72 44 -5 0
45 92 -74 0
-54 84 -93 0
-57 -13 64 0
7 -69 22 0
28 -37 -59 0
-78 -36 -3 0
70 -88 -51 0
89 -25 -18 0
46 84 90 0
32 33 93 0
-87 -32 -56 0
-24 95 -69 0
-6 -52 58 0
-100 -20 -6 0
24 55 61 0
-48 99 -17 0
-11 81 -72 0
-74 9 21 0
-70 62 79 0
20 30 33 0
-19 -41 16 0
38 -72 -77 0
-96 -2 21 0
-58 64 56 0
71 -87 100 0
-45 73 26 0
-68 8 -59 0
5 66 19 0
-66 4 -9 0
-67 -51 88 0
94 29 34 0
20 -63 99 0
