c instance by G2
c solution = 0010111010000000111011000001000100000010000111110001001111110110001001110000101110111000010101010111
c Known solution cost is 2092 
p cnf 100 100
w 96 94 41 35 45 25 97 98 60 75 17 13 87 98 24 85 63 65 51 79 41 19 57 30 67 90 50 44 34 48 66 54 42 29 82 43 53 30 76 5 7 95 89 84 65 17 34 3 22 38 8 89 59 26 68 77 55 60 8 97 70 90 21 26 28 80 3 60 64 33 29 62 77 44 65 38 44 15 22 3 58 49 87 62 27 50 88 90 10 3 90 89 27 47 15 16 22 28 23 7
29 -16 10 0
18 30 2 0
61 -41 73 0
68 -37 35 0
30 40 99 0
-1 -7 -56 0
87 8 -27 0
-92 -26 73 0
34 -48 -61 0
84 12 54 0
-47 -71 60 0
50 -94 3 0
-55 95 -73 0
-9 93 90 0
-23 49 -28 0
-74 65 37 0
29 -11 -52 0
-83 92 -67 0
-45 86 63 0
70 82 68 0
-32 -9 83 0
13 -87 -59 0
-56 21 86 0
76 -50 11 0
-90 -76 12 0
-98 54 -68 0
23 2 -91 0
23 89 -31 0
29 36 55 0
2 -69 65 0
-6 -43 82 0
57 -32 37 0
-64 26 88 0
-29 36 12 0
-88 42 2 0
41 61 6 0
45 20 82 0
-19 -32 -36 0
-7 -53 86 0
25 -86 75 0
-9 -60 79 0
10 35 58 0
-93 89 40 0
7 -81 88 0
64 -35 -48 0
-95 87 15 0
-72 46 -94 0
69 41 -2 0
-22 80 -58 0
-7 -62 -78 0
-20 -21 95 0
47 11 51 0
16 -75 51 0
-21 -13 -80 0
-42 25 86 0
100 61 86 0
38 -15 -80 0
12 13 71 0
67 40 76 0
5 86 27 0
-96 -39 -25 0
39 1 -47 0
62 53 -81 0
-4 95 49 0
91 20 -38 0
85 65 27 0
9 -80 89 0
-10 34 -79 0
53 11 77 0
-34 2 -98 0
33 -22 -8 0
-49 -22 25 0
23 -22 48 0
-60 65 98 0
19 43 -90 0
53 -98 94 0
78 -21 -66 0
28 16 34 0
52 -7 54 0
-72 -12 -100 0
56 23 -70 0
27 -82 13 0
72 -6 38 0
64 59 20 0
-9 -63 -51 0
17 12 -19 0
73 -54 66 0
-96 2 -65 0
30 -9 -14 0
96 -18 68 0
66 22 -80 0
78 -24 -9 0
-52 -92 -89 0
-63 -40 -47 0
36 32 38 0
-97 -5 -100 0
-77 -33 53 0
-98 -30 15 0
-18 -90 81 0
-52 44 36 0
