c instance by G2
c solution = 1101001111010010101101011001010001000100011101001001101010110101110110110100111100111000010000100101
c Known solution cost is 2536 
p cnf 100 100
w 36 59 42 68 26 31 78 1 100 17 46 84 33 82 44 7 99 23 44 83 92 89 97 71 18 86 76 30 66 29 72 59 36 80 23 62 74 87 88 57 40 62 97 12 24 42 20 15 75 70 27 5 26 97 43 42 30 64 77 49 71 48 56 86 61 12 92 51 87 57 31 88 75 24 97 12 38 8 22 85 64 59 35 57 26 12 100 84 28 39 12 14 73 98 51 26 53 44 21 8
100 -42 39 0
37 -48 -78 0
43 -59 47 0
-22 -42 66 0
96 -83 -29 0
35 53 -66 0
-30 -31 -9 0
-28 -66 -47 0
-95 58 25 0
-67 -42 51 0
24 48 6 0
-96 -84 27 0
-42 87 -73 0
-30 92 44 0
13 27 -33 0
5 87 -26 0
68 47 -30 0
76 -4 -32 0
-35 97 5 0
-15 -51 -8 0
41 -1 71 0
45 -65 -23 0
76 79 37 0
-1 49 -90 0
-12 -11 37 0
5 -19 -63 0
5 -45 -83 0
48 38 -95 0
34 45 -65 0
33 20 56 0
-71 30 -83 0
-4 -34 98 0
-41 -28 14 0
63 1 23 0
-84 -43 2 0
-21 88 32 0
32 -76 -100 0
-77 -59 -87 0
-71 -54 -4 0
-85 28 87 0
-86 -25 -17 0
-85 51 -13 0
77 33 99 0
-57 42 -8 0
-1 69 94 0
39 -3 96 0
16 46 3 0
-53 -28 -18 0
-77 9 -74 0
-9 90 96 0
59 41 -65 0
-85 -40 -30 0
-64 84 47 0
-10 16 17 0
-37 36 47 0
95 96 11 0
10 48 47 0
-50 -100 -12 0
-100 62 -22 0
8 67 40 0
86 -58 -20 0
-91 18 -55 0
-27 51 21 0
-94 -1 75 0
23 63 -70 0
-90 -38 -82 0
51 -88 -19 0
51 15 -19 0
-5 -62 76 0
-39 58 -12 0
-75 45 48 0
-83 -78 -97 0
-1 74 -9 0
78 -10 -46 0
-4 -56 -57 0
52 70 23 0
14 -61 16 0
-7 64 47 0
32 85 -64 0
26 -16 -30 0
-14 -90 51 0
-42 -30 -6 0
-30 86 72 0
-66 12 -28 0
80 54 -1 0
56 65 -12 0
-22 -93 -34 0
57 -69 -10 0
99 -95 19 0
-46 11 22 0
-99 31 97 0
5 54 83 0
-81 -2 -85 0
-89 -79 -78 0
60 76 -90 0
-1 4 -10 0
-59 89 55 0
-79 -92 -2 0
29 23 7 0
-36 -30 73 0
