c instance by G2
c solution = 0011011010110001010000100100100101110111001101011010110101110001011000000011101011101000010010111100
c Known solution cost is 2664 
p cnf 100 100
w 2 9 98 83 21 74 69 29 80 99 26 91 77 41 63 89 58 80 21 12 31 97 69 22 42 51 48 61 36 42 28 55 20 88 36 56 27 46 14 1 82 20 63 63 27 70 80 94 69 22 64 41 77 13 75 83 82 22 26 38 16 79 38 72 24 18 14 37 2 82 25 97 73 32 34 94 32 3 92 76 48 74 62 34 20 59 17 18 99 99 9 62 48 1 10 23 20 80 47 8
-87 65 73 0
71 -33 41 0
50 -82 43 0
-93 -37 -48 0
-29 56 94 0
-71 -81 -18 0
25 -65 17 0
60 15 -29 0
-84 -76 71 0
76 28 33 0
21 -8 14 0
-18 59 68 0
-98 -39 26 0
-11 96 -77 0
-92 86 -12 0
10 61 98 0
-98 -13 -83 0
51 21 -12 0
78 50 93 0
-14 71 -9 0
42 72 -2 0
-77 -50 21 0
-49 14 -19 0
-11 -60 -1 0
-9 33 3 0
-66 -22 -35 0
46 33 -75 0
83 31 65 0
82 -93 -9 0
38 99 47 0
72 33 -99 0
-40 -72 55 0
81 91 1 0
23 -3 87 0
-58 -88 42 0
-76 -30 87 0
-97 78 -27 0
-55 86 -77 0
-96 11 -23 0
-15 87 17 0
-16 22 66 0
19 -41 -76 0
39 73 92 0
-4 -12 -78 0
-91 -4 21 0
34 57 -90 0
-21 -16 -36 0
-86 -40 25 0
-95 75 -40 0
-40 -89 100 0
-69 70 -7 0
73 27 -100 0
-98 41 -61 0
-94 -18 88 0
53 -67 -54 0
80 -62 92 0
63 -10 31 0
47 100 -31 0
-28 69 -75 0
50 -44 -42 0
1 5 90 0
35 19 -59 0
-57 -59 -76 0
67 62 -32 0
63 80 48 0
55 -24 -53 0
40 86 -85 0
94 -67 97 0
77 62 -32 0
-23 -47 86 0
73 9 2 0
-6 64 -67 0
-49 4 -26 0
-76 -36 -52 0
12 78 -67 0
-83 16 84 0
-68 -9 -43 0
57 19 -45 0
80 -70 30 0
-82 -18 -17 0
95 -4 27 0
91 -35 -5 0
58 94 -39 0
-56 -20 -43 0
36 71 -85 0
-64 32 62 0
-81 54 45 0
49 92 -4 0
21 6 13 0
-80 -67 62 0
-6 -25 80 0
15 -54 -74 0
73 -39 7 0
-9 29 -82 0
-11 -34 -63 0
44 19 -3 0
42 79 -46 0
-73 -67 -90 0
-23 -9 18 0
-81 -83 85 0
