c instance by G2
c solution = 0010000011000011101101000101110001101100001111110001000110010011011100111110100111111111010000011010
c Known solution cost is 2213 
p cnf 100 100
w 5 15 90 14 50 97 28 37 80 22 74 8 9 36 7 27 30 1 35 55 97 63 93 99 45 60 19 25 35 83 80 20 86 4 17 27 7 57 79 3 36 47 82 26 68 71 25 63 55 63 9 54 39 12 46 98 92 48 36 2 63 87 10 73 77 26 22 91 26 44 6 38 20 78 98 47 17 17 7 1 14 10 4 82 79 86 15 18 50 94 21 84 76 50 71 25 19 36 9 7
94 59 -70 0
13 9 -77 0
-19 26 51 0
94 81 -87 0
39 92 -13 0
23 46 -88 0
65 100 -2 0
61 -39 -60 0
37 36 -47 0
83 -20 -9 0
42 -51 -77 0
98 -78 -99 0
-72 45 -16 0
54 67 -56 0
75 -73 -88 0
44 58 12 0
19 -96 -37 0
-44 -48 -5 0
-48 -67 96 0
93 -100 70 0
-17 33 -40 0
-15 -92 -17 0
-45 -49 55 0
51 -99 -55 0
-93 58 14 0
36 -44 66 0
99 -43 2 0
56 -60 4 0
-61 -20 51 0
6 25 84 0
91 42 43 0
58 40 22 0
7 34 65 0
-74 91 87 0
-30 63 65 0
73 79 58 0
-73 -83 -31 0
-9 85 76 0
-99 -14 -35 0
-9 -30 -36 0
-97 -44 52 0
-99 40 16 0
-21 62 -26 0
-71 -10 72 0
-6 -73 -30 0
91 59 68 0
-64 -19 -8 0
-46 -4 -34 0
-11 -28 78 0
13 -76 65 0
-10 -80 -98 0
86 -28 -74 0
-20 88 92 0
39 29 -30 0
28 4 -30 0
-16 1 80 0
92 -88 38 0
94 -50 -63 0
2 -22 -7 0
-74 90 -22 0
10 -30 -96 0
-83 4 15 0
-30 -53 -48 0
13 71 -87 0
13 100 -33 0
-58 -99 -86 0
-32 -56 -64 0
3 -66 94 0
-94 11 -19 0
6 -86 57 0
-42 92 -56 0
50 -17 60 0
-87 20 -80 0
21 31 74 0
-34 48 -73 0
-59 -37 49 0
97 -45 -75 0
-64 47 11 0
93 -65 98 0
-72 -18 -48 0
-41 25 1 0
31 77 94 0
-68 -95 58 0
-85 35 -22 0
-1 92 -30 0
53 -68 -69 0
-47 -99 -23 0
30 91 -16 0
-24 -81 92 0
-54 49 79 0
-43 -62 -56 0
98 -91 53 0
69 17 -84 0
32 -85 -89 0
31 -84 -25 0
65 21 82 0
42 -97 -12 0
-3 89 -79 0
58 64 40 0
-82 -27 -26 0
