c instance by G2
c solution = 1011011000011010101100010011110111110000110011110011010111110101111110101100110011101111001110110011
c Known solution cost is 2919 
p cnf 100 100
w 97 3 64 22 61 82 89 76 84 86 37 69 20 72 22 16 84 8 21 77 20 53 94 63 33 30 24 2 42 26 35 32 13 17 16 40 3 79 50 65 75 60 48 69 80 2 100 58 79 93 53 8 49 70 39 92 33 5 22 44 63 78 5 39 30 98 80 15 16 92 1 22 18 51 18 4 15 35 17 5 85 18 99 26 4 91 71 33 7 53 85 13 89 11 79 76 36 22 5 71
-10 75 -17 0
-46 -62 47 0
23 30 -69 0
45 -28 -52 0
-91 -75 16 0
14 -1 -90 0
-60 92 -36 0
-86 -58 -18 0
-67 58 -48 0
69 -68 53 0
16 54 84 0
60 -67 -91 0
4 75 9 0
-20 77 9 0
59 37 -33 0
26 -24 1 0
-42 36 89 0
-19 -63 23 0
53 -66 -37 0
12 -51 97 0
5 -33 19 0
18 -14 9 0
3 94 44 0
-61 40 -96 0
-95 -45 82 0
53 32 43 0
-87 50 29 0
15 89 -30 0
64 -56 44 0
10 -36 -43 0
-57 -31 -64 0
26 11 -5 0
-27 -94 76 0
-45 55 -50 0
88 -73 -12 0
27 -45 39 0
-59 13 22 0
-8 -24 -93 0
62 38 -27 0
20 84 -42 0
99 10 -73 0
-78 -52 17 0
-98 -100 -13 0
35 70 31 0
50 8 74 0
-65 84 95 0
-91 50 -22 0
-29 41 -83 0
-76 -93 -65 0
-39 -41 89 0
75 86 -12 0
-49 25 16 0
22 78 -85 0
21 -9 61 0
-21 -13 -3 0
-59 -6 -55 0
-20 98 24 0
-20 -40 -19 0
38 -80 89 0
100 -66 -28 0
-84 -54 18 0
39 -30 -38 0
-32 -73 91 0
90 6 39 0
50 -86 83 0
75 61 7 0
-11 84 5 0
76 -72 -32 0
39 87 -73 0
-91 28 -47 0
-1 50 81 0
-53 80 -88 0
-57 -70 -71 0
-96 26 -16 0
76 96 -78 0
34 -58 90 0
-25 44 43 0
-85 -2 -6 0
84 -69 -89 0
-42 -60 66 0
68 -82 -6 0
39 56 -67 0
16 65 -87 0
73 5 9 0
61 48 -19 0
51 -33 53 0
-79 -93 63 0
-81 -44 89 0
89 16 67 0
38 -32 52 0
-66 -47 93 0
76 85 80 0
-85 -100 -26 0
-95 33 -42 0
-1 -86 -97 0
-91 84 -23 0
57 -3 -66 0
46 80 -48 0
-54 -19 71 0
42 -3 -88 0
