c instance by G2
c solution = 0001010011011011011111011110001111001110111000010011101011110110000011111010010001110111011011000011
c Known solution cost is 2964 
p cnf 100 100
w 57 99 40 6 50 37 18 11 94 64 96 40 81 93 25 14 23 54 90 56 14 28 11 10 87 17 80 74 78 62 53 90 20 9 49 26 55 68 77 97 68 80 21 100 37 91 9 24 48 22 31 45 59 67 54 100 68 95 26 7 97 93 69 95 84 27 49 50 65 39 45 47 15 98 28 85 51 37 35 35 60 94 44 91 88 20 92 93 99 69 64 84 4 68 19 64 67 74 81 59
-7 -26 -21 0
-25 -51 53 0
-76 -75 -43 0
60 65 -90 0
-23 -58 14 0
-90 3 78 0
39 92 -15 0
23 -99 43 0
26 -90 -16 0
23 51 -99 0
-33 -55 -66 0
-50 47 36 0
-86 -52 -46 0
76 56 -98 0
-63 -90 -1 0
-2 45 66 0
-51 49 84 0
-26 -86 48 0
76 -39 -47 0
19 -24 -57 0
22 -48 -18 0
83 -82 -70 0
-54 29 96 0
-96 23 -26 0
-95 2 -87 0
86 -59 40 0
-88 -36 -26 0
30 88 28 0
-41 23 -40 0
-83 77 69 0
61 63 -94 0
-61 -4 68 0
-78 42 -39 0
-99 -71 15 0
23 -56 64 0
-13 -60 -67 0
2 -32 -74 0
45 -87 12 0
-70 25 -53 0
64 90 29 0
91 76 -69 0
37 -58 -55 0
41 47 81 0
94 1 96 0
-55 -85 -52 0
54 -83 -79 0
45 55 11 0
-73 17 -45 0
54 -8 -10 0
-80 -70 49 0
-53 72 54 0
87 36 -39 0
-9 4 -13 0
13 68 -10 0
-87 -65 30 0
-20 -41 -92 0
-30 46 29 0
18 -73 76 0
76 -41 -5 0
81 -62 71 0
-63 3 93 0
8 57 -72 0
20 -82 -87 0
-20 -97 -25 0
61 -75 58 0
-82 -38 70 0
-90 -29 -100 0
-12 59 -88 0
-81 54 80 0
-48 -77 -12 0
82 -94 -58 0
-4 100 -34 0
14 34 -20 0
-37 27 -91 0
-37 -86 73 0
-24 17 -14 0
-63 -15 -64 0
-22 31 -41 0
-10 -57 -35 0
-4 16 79 0
40 -3 -24 0
33 -39 76 0
6 3 -21 0
1 75 -15 0
76 10 23 0
-25 -13 99 0
-49 -93 -42 0
85 -86 21 0
49 24 -34 0
-4 17 32 0
-51 -44 -58 0
36 38 56 0
67 -89 77 0
45 -78 -17 0
47 52 -22 0
-91 9 -25 0
-93 -11 -9 0
-16 -31 62 0
-68 40 -4 0
-88 -41 -28 0
