c instance by G2
c solution = 0011001101111111110111110100010100110111000100010110110011011001111110000110010001111100011110010101
c Known solution cost is 2874 
p cnf 100 100
w 31 80 56 41 5 91 53 6 88 83 51 48 94 92 96 86 4 44 93 91 65 1 37 86 23 92 7 94 76 69 52 73 28 35 43 11 58 51 33 20 63 82 5 92 20 59 71 44 37 14 83 56 100 78 92 36 29 99 16 5 23 92 42 25 12 15 66 90 34 85 79 76 29 75 81 17 6 55 51 40 93 17 29 8 17 48 70 62 51 2 100 30 13 93 80 96 34 50 52 18
-19 59 77 0
-75 -92 -59 0
89 -49 -22 0
63 50 70 0
-12 80 -42 0
60 -17 43 0
34 -6 -17 0
23 70 -15 0
-11 -52 -96 0
-50 -4 -80 0
-95 -10 -96 0
-67 65 94 0
82 -4 -16 0
33 86 -93 0
-18 29 -70 0
-93 -28 99 0
-73 -30 -100 0
-54 -44 -81 0
-62 41 -58 0
-13 80 11 0
76 8 28 0
70 13 6 0
49 -29 -7 0
-93 77 -2 0
63 -21 16 0
-66 19 35 0
-17 -7 32 0
18 81 59 0
21 -65 62 0
1 -83 20 0
-65 66 94 0
72 49 30 0
28 -72 70 0
-43 19 -100 0
-8 -79 -64 0
31 25 36 0
70 95 51 0
46 -10 7 0
88 -23 84 0
95 -89 5 0
95 -92 26 0
89 -65 38 0
-53 79 -99 0
-97 -40 29 0
-85 24 -14 0
-20 -22 -34 0
-36 59 78 0
-71 70 62 0
27 74 49 0
-94 72 71 0
17 71 72 0
77 -47 -68 0
92 27 -66 0
39 -57 -26 0
-90 3 -26 0
-7 10 97 0
-22 53 -58 0
41 91 -10 0
79 -31 -35 0
-86 64 -96 0
-46 -23 56 0
-90 77 15 0
46 -45 -60 0
-68 -56 -20 0
77 63 85 0
-33 -30 -12 0
96 -54 52 0
-51 -1 62 0
-93 52 98 0
40 42 88 0
99 69 59 0
45 22 89 0
46 81 4 0
-86 -61 -37 0
90 55 -65 0
58 -4 -61 0
-75 25 44 0
25 -87 -60 0
-8 -54 100 0
-11 -30 -25 0
-15 54 -69 0
-38 12 -66 0
61 70 79 0
-66 14 -38 0
-66 68 -35 0
-76 46 94 0
80 -77 -14 0
95 -41 -66 0
33 6 -27 0
-78 28 57 0
93 -57 -58 0
-9 -85 -92 0
-22 31 -5 0
-8 62 -88 0
-12 67 -44 0
48 -7 -84 0
83 71 5 0
-13 -54 -63 0
27 75 -12 0
-55 73 -75 0
