c instance by G2
c solution = 0000101100001100111011100000110000001111110001000111010000011000011110000100010000101100001110010011
c Known solution cost is 2009 
p cnf 100 100
w 76 40 25 14 43 9 35 39 34 81 28 60 93 99 47 69 52 27 86 19 78 17 50 54 1 93 31 96 99 43 71 48 73 60 1 20 20 95 22 64 42 28 9 42 28 79 17 55 29 45 49 10 45 12 49 52 56 92 14 22 44 100 35 63 16 53 93 54 72 84 93 3 39 37 57 81 35 7 14 24 18 89 88 48 28 69 10 44 10 99 27 88 43 82 26 48 69 77 8 1
-85 -39 -20 0
26 92 -100 0
-90 58 -41 0
-47 -18 -30 0
-6 -74 81 0
-94 77 -67 0
76 -51 21 0
-61 62 -10 0
69 90 71 0
13 43 -78 0
81 -67 -32 0
88 55 -1 0
-85 -8 -88 0
46 97 98 0
71 -84 72 0
-78 67 -92 0
-55 -66 -51 0
-65 53 10 0
4 47 61 0
36 25 -81 0
-68 -16 -37 0
75 -52 -72 0
-42 -31 -14 0
-46 37 36 0
1 -67 -80 0
-19 -64 24 0
35 -79 -40 0
-54 -63 -52 0
-26 72 43 0
-17 91 70 0
-60 32 96 0
-76 -51 -7 0
-66 60 26 0
41 -96 -18 0
-60 1 -82 0
-99 -17 100 0
-17 86 -54 0
-17 28 -57 0
18 -21 10 0
29 70 -74 0
-45 -41 -46 0
55 -43 -92 0
-52 -70 10 0
-96 22 -40 0
12 98 -89 0
68 53 -92 0
27 -85 93 0
3 5 -74 0
94 -14 -4 0
8 32 -13 0
83 -46 -30 0
-12 75 35 0
15 55 50 0
31 -69 -56 0
-67 40 -99 0
47 -73 -100 0
-91 38 15 0
65 -7 -9 0
77 78 12 0
-37 -66 85 0
-49 97 70 0
-68 -97 89 0
-75 24 -61 0
-86 -51 30 0
-2 -100 -19 0
-3 32 4 0
33 -36 56 0
-33 -30 -100 0
-13 75 7 0
-25 2 79 0
56 -15 76 0
-74 84 -24 0
26 -38 19 0
-62 94 3 0
75 90 -11 0
-38 -35 -78 0
-77 26 89 0
14 -21 20 0
54 26 84 0
-78 43 -48 0
33 66 -54 0
25 42 82 0
72 6 -87 0
-14 51 65 0
-68 -98 80 0
-27 34 88 0
-28 70 43 0
-71 -37 -78 0
74 26 84 0
9 -34 -14 0
11 80 -44 0
65 17 -30 0
-53 11 1 0
32 97 39 0
-74 -100 -95 0
33 94 -58 0
-5 99 2 0
-23 3 52 0
-59 70 55 0
23 71 -66 0
