c instance by G2
c solution = 1111110111100111111110111000111000100000001110000010101010100110100111110010001001101000001010001110
c Known solution cost is 2670 
p cnf 100 100
w 80 55 76 94 4 70 1 72 65 67 14 87 93 43 30 78 20 76 48 33 61 90 47 2 8 7 20 38 17 98 85 34 77 10 65 13 57 66 64 63 18 79 92 8 11 59 90 79 64 30 58 57 90 82 38 2 33 100 13 79 68 52 28 62 34 86 99 94 82 90 14 47 73 8 26 70 29 2 39 14 19 93 66 97 72 6 38 86 86 88 40 100 31 4 14 24 86 68 57 44
-59 -29 -64 0
-10 62 -53 0
-56 -53 89 0
37 -58 95 0
22 -27 41 0
-49 -63 -15 0
-57 -66 26 0
70 60 -29 0
-84 -45 96 0
33 -90 -5 0
-53 -12 -82 0
90 -67 -62 0
7 -47 -55 0
85 -55 -63 0
34 -37 -35 0
61 37 1 0
76 -92 -51 0
93 -8 -21 0
-10 -18 -88 0
-21 -18 -78 0
100 -8 -33 0
-93 -55 75 0
90 14 46 0
66 76 19 0
-99 69 -53 0
88 -17 23 0
-41 12 -71 0
96 53 -29 0
97 -31 -29 0
88 -57 21 0
35 -55 28 0
67 -81 -83 0
-20 72 94 0
96 -87 34 0
-61 78 -79 0
-70 39 63 0
-57 52 83 0
52 82 46 0
2 -70 -9 0
-32 -23 -83 0
3 -8 49 0
-26 -99 64 0
-13 -29 92 0
-65 -38 -91 0
95 -16 25 0
10 -17 36 0
24 -8 12 0
-36 -30 81 0
50 -19 57 0
-25 8 52 0
71 -6 -20 0
-7 90 73 0
18 -29 -55 0
-89 -20 39 0
36 -86 -65 0
29 58 -5 0
12 6 -4 0
94 11 -30 0
73 59 -68 0
-17 -42 77 0
-14 16 -15 0
-96 -21 89 0
47 -10 45 0
-60 -31 100 0
20 80 -19 0
-97 -40 -93 0
17 -70 -82 0
-28 -1 7 0
61 -59 5 0
68 -53 -63 0
-95 -8 26 0
38 -18 31 0
-73 -6 -9 0
89 47 -94 0
-85 -46 12 0
-43 -48 77 0
92 -34 -45 0
-31 28 55 0
74 -80 48 0
95 -76 89 0
-23 49 98 0
30 56 86 0
94 65 -11 0
4 -18 -65 0
41 51 -62 0
74 54 99 0
56 -22 -83 0
80 44 28 0
-71 49 79 0
94 -100 13 0
61 15 22 0
48 -50 -25 0
-23 41 91 0
-23 9 -98 0
-65 22 -54 0
84 -44 43 0
-39 -82 -20 0
-65 90 -52 0
-74 58 -62 0
22 -77 -82 0
