c instance by G2
c solution = 0101011101010101011110010110011010010011101000101100000110011001110111011110011111100011000010010111
c Known solution cost is 2764 
p cnf 100 100
w 46 75 8 60 98 58 47 64 97 59 90 6 27 91 36 93 5 59 57 15 47 86 4 46 51 92 60 5 46 21 9 100 67 57 77 53 100 88 87 9 82 30 86 88 8 76 83 19 63 5 71 77 68 45 27 81 46 33 46 33 40 66 44 65 14 3 11 44 96 92 9 92 8 71 17 21 97 81 29 49 9 22 99 85 22 36 40 8 14 89 25 98 62 88 99 53 8 41 21 54
-30 -55 -78 0
-88 28 -62 0
35 -21 57 0
-63 -83 32 0
-8 74 89 0
94 37 6 0
48 -12 96 0
-42 44 -19 0
-70 -91 23 0
-33 14 -69 0
-83 85 -54 0
1 -5 -31 0
-44 3 95 0
-33 -4 -94 0
-16 73 -56 0
-99 1 8 0
92 86 2 0
-60 25 79 0
3 93 -39 0
89 85 82 0
41 45 90 0
-36 98 92 0
-47 44 -11 0
87 -20 -93 0
-95 59 90 0
86 15 -58 0
-46 77 29 0
95 39 63 0
100 84 35 0
58 19 -83 0
63 -18 -9 0
-2 30 -96 0
-85 13 5 0
-81 -76 58 0
-25 -20 -93 0
56 15 67 0
-88 -96 36 0
26 -56 -30 0
99 1 -98 0
97 31 -21 0
10 -60 -7 0
-35 -64 -87 0
-18 86 -51 0
53 -47 49 0
-27 -29 9 0
-67 -49 55 0
-8 -99 -3 0
-99 -92 -16 0
4 22 17 0
-99 92 -84 0
29 70 89 0
68 -75 -96 0
88 32 1 0
-87 71 64 0
12 23 53 0
-81 -31 -15 0
-61 58 -37 0
46 24 -30 0
18 -82 15 0
45 -87 -32 0
80 52 71 0
-66 32 7 0
38 -17 -31 0
-48 -74 -61 0
46 -26 -90 0
60 -88 -21 0
-10 -45 94 0
-98 -86 97 0
15 -64 20 0
-61 -77 -12 0
-70 58 -97 0
-18 16 52 0
66 46 17 0
-18 -82 40 0
69 90 9 0
-38 42 -75 0
61 -78 35 0
83 -72 58 0
54 75 45 0
-33 65 -36 0
-34 71 -68 0
-31 17 27 0
-71 92 -33 0
59 50 5 0
-18 21 -30 0
-1 42 25 0
29 -52 -70 0
-7 84 -59 0
77 -13 -12 0
-53 -96 91 0
-89 -21 91 0
-23 -26 -80 0
54 90 -22 0
-74 -19 81 0
77 -7 47 0
-47 -87 43 0
33 -78 35 0
-8 78 -57 0
72 90 -16 0
-66 -98 -28 0
