c instance by G2
c solution = 0011111100000010001011110110111100000000111000010010101001101101011011001001110111111001011011111110
c Known solution cost is 2765 
p cnf 100 100
w 58 26 23 27 77 19 30 88 6 96 71 43 86 19 3 99 2 90 38 72 45 96 25 7 8 81 34 78 16 8 90 90 84 38 71 60 66 32 51 37 99 97 62 74 39 98 100 46 3 46 68 20 88 92 52 87 98 88 94 26 10 55 60 61 54 46 70 62 55 12 11 4 71 22 77 67 46 10 13 95 3 3 23 4 1 16 28 57 80 98 10 74 53 66 95 15 100 76 72 42
82 38 -64 0
41 34 40 0
44 84 -51 0
48 100 -94 0
-7 -72 -42 0
56 72 -34 0
83 -80 -7 0
-31 15 -98 0
46 -90 -45 0
100 63 -1 0
-39 -77 44 0
89 49 70 0
-27 95 20 0
-51 -97 85 0
-35 -51 -24 0
57 -46 38 0
-43 -30 91 0
-82 29 -26 0
7 40 10 0
10 -7 -28 0
18 -16 35 0
-6 -18 -78 0
-88 25 -71 0
-25 50 68 0
5 -3 92 0
-95 27 -53 0
-38 -48 -21 0
-4 16 80 0
-68 -96 38 0
-50 86 -5 0
25 42 74 0
47 -41 -100 0
59 -6 11 0
-87 -41 -91 0
67 -19 -51 0
39 10 -57 0
17 -66 -75 0
11 73 -94 0
-82 13 93 0
19 -5 68 0
13 -83 23 0
4 -85 -67 0
-73 -74 92 0
-59 -9 -21 0
2 -79 56 0
-90 24 63 0
-99 -37 -95 0
65 -96 -40 0
22 -91 -53 0
54 -47 79 0
-30 -80 -33 0
-55 94 45 0
-21 -4 62 0
34 -96 30 0
55 -7 34 0
38 -24 26 0
-23 -63 -58 0
-42 81 -77 0
-41 -3 -10 0
44 -60 -8 0
-92 -59 -69 0
76 -55 -43 0
-58 -43 -89 0
28 -20 75 0
-14 -73 -67 0
38 -5 -11 0
65 54 98 0
56 -78 66 0
-86 100 25 0
99 25 86 0
-44 -3 -96 0
25 -94 78 0
-77 69 100 0
64 79 35 0
37 65 -17 0
60 100 31 0
-29 72 -12 0
-41 -64 -2 0
40 12 -65 0
2 21 35 0
-98 -91 96 0
88 -22 60 0
37 -13 33 0
-22 61 71 0
-70 75 97 0
-41 -99 51 0
18 -56 -96 0
38 -36 16 0
-7 3 79 0
49 10 90 0
65 6 14 0
-49 -23 -73 0
-26 -54 -85 0
2 43 -83 0
77 -41 -91 0
10 58 36 0
8 86 -24 0
-26 32 -3 0
-52 13 -24 0
53 56 -64 0
