c instance by G2
c solution = 0001011101111101111001101110111010011010101011010100001010110001010001001010111100101111010110111110
c Known solution cost is 3202 
p cnf 100 100
w 37 52 82 82 68 47 72 28 32 17 26 37 89 100 65 4 79 45 100 56 90 41 21 56 62 50 78 4 7 34 86 34 39 76 69 45 10 41 31 92 84 38 88 16 90 77 56 32 95 12 42 68 75 97 25 59 94 34 75 64 55 38 38 97 14 1 8 58 24 57 67 91 80 92 49 90 81 82 60 58 89 78 35 44 21 97 64 48 34 67 29 72 12 60 55 82 39 78 96 14
-43 -10 -2 0
-84 -31 -83 0
39 69 62 0
-6 -70 7 0
54 -37 -9 0
-22 -49 100 0
91 -3 35 0
91 13 -77 0
84 -26 -63 0
-77 44 -35 0
67 29 -90 0
-12 -5 69 0
99 -97 1 0
-65 -30 -22 0
32 -93 -58 0
-46 -78 30 0
-98 -42 -26 0
-18 -55 59 0
-39 82 -100 0
-19 -27 -89 0
77 100 -83 0
-19 -29 37 0
-22 -13 -56 0
89 -31 75 0
67 3 -94 0
-57 81 45 0
80 -86 -7 0
81 -18 85 0
25 -78 15 0
67 78 -25 0
47 49 43 0
-50 79 91 0
34 3 -91 0
-51 -18 -4 0
61 27 -46 0
15 -28 42 0
34 -36 98 0
-44 94 35 0
-59 -68 -92 0
-13 -38 49 0
15 -12 -53 0
-77 91 26 0
-33 73 91 0
20 100 14 0
11 -25 81 0
-15 -86 -96 0
-87 66 -73 0
-93 44 -71 0
-18 -46 33 0
-36 35 83 0
10 -11 74 0
67 100 -61 0
8 -46 -41 0
9 -39 19 0
87 -64 -18 0
-34 -85 84 0
-32 -99 -88 0
68 -67 94 0
-57 15 -62 0
64 56 -92 0
91 31 -64 0
54 70 -59 0
50 76 38 0
54 -40 65 0
51 49 -81 0
-86 -24 49 0
81 -29 -47 0
-98 36 -64 0
4 -98 72 0
58 -77 48 0
94 -52 -33 0
92 -39 54 0
34 17 -12 0
-11 97 34 0
-92 86 -8 0
63 -69 -85 0
90 100 49 0
-79 -90 -20 0
-99 18 54 0
96 -60 -64 0
6 -75 89 0
-25 -95 41 0
88 -79 61 0
-13 -21 -25 0
1 23 -12 0
-37 -8 -82 0
-73 93 -60 0
-17 54 55 0
-77 20 60 0
-73 52 57 0
-12 -59 -72 0
3 -55 -74 0
28 -31 16 0
21 -83 -54 0
46 -88 -78 0
95 82 91 0
21 -1 -98 0
-76 -57 -12 0
-10 44 12 0
22 -95 69 0
