c instance by G2
c solution = 1101010110100100010000000000011100011111110010100010011011110011110010011001100101101101011010110001
c Known solution cost is 2155 
p cnf 100 100
w 4 44 63 53 24 9 29 62 87 52 43 98 25 36 29 53 94 66 10 26 3 54 98 47 72 29 43 33 32 11 94 15 57 87 22 39 56 21 53 25 44 20 43 83 8 45 19 77 85 47 5 91 26 64 15 55 20 38 10 51 55 21 13 62 21 53 46 69 29 23 40 71 18 42 36 83 58 38 71 88 100 12 21 14 15 79 10 99 31 56 85 60 55 57 85 92 69 56 39 48
-91 84 77 0
-32 98 -92 0
-9 -65 -34 0
-41 57 61 0
17 15 -43 0
-59 -16 68 0
78 99 80 0
-36 -20 24 0
74 39 -14 0
-64 -60 38 0
88 -65 -37 0
60 -4 87 0
-29 56 50 0
94 -80 91 0
-53 92 -90 0
28 -24 79 0
-35 -8 -47 0
90 -85 7 0
-83 -26 -72 0
7 34 -12 0
-40 -33 -72 0
-32 -68 81 0
-25 20 53 0
26 43 -61 0
81 72 68 0
-45 -65 -23 0
-22 13 -100 0
95 7 43 0
50 10 -71 0
89 99 76 0
-100 58 -77 0
-4 -19 46 0
78 7 -13 0
5 63 17 0
56 -10 -39 0
-48 -14 89 0
49 -52 -93 0
20 -82 14 0
15 -21 -93 0
47 89 -85 0
8 97 -47 0
-9 73 -65 0
-88 -46 27 0
-54 2 -6 0
42 -32 -100 0
-8 81 -70 0
-96 -97 27 0
-40 6 27 0
-14 -49 -2 0
9 -95 15 0
-60 30 16 0
17 93 99 0
52 -56 22 0
74 -59 -87 0
43 67 36 0
-27 -39 35 0
-95 23 65 0
24 5 -3 0
-15 16 -88 0
-40 100 68 0
31 -51 -4 0
-4 66 -72 0
-28 20 97 0
-30 44 18 0
78 -81 25 0
96 -59 -76 0
27 82 -66 0
40 17 -57 0
21 55 -76 0
-90 62 1 0
74 5 -44 0
-51 85 26 0
67 -78 24 0
-18 45 -86 0
-82 -50 12 0
71 -7 -96 0
-91 59 10 0
86 84 -60 0
61 -17 -72 0
-89 -96 -1 0
-96 48 54 0
-42 99 37 0
-51 26 32 0
-5 75 12 0
-62 -47 84 0
-94 -42 -54 0
-38 25 -79 0
83 27 7 0
3 13 41 0
-69 -32 -99 0
-98 28 27 0
56 87 69 0
-84 -65 -39 0
-47 64 5 0
-75 -55 62 0
33 -64 51 0
-1 -74 -30 0
-67 -58 70 0
-73 -57 11 0
-45 4 -18 0
