c instance by G2
c solution = 1000110001111010010110011110010110011011010111111101011100100101101110101100101110101111000011100100
c Known solution cost is 3040 
p cnf 100 100
w 28 6 44 54 41 48 78 15 76 95 33 10 29 6 51 51 38 25 7 73 100 50 57 28 21 27 59 23 88 29 39 22 14 45 65 2 59 38 7 67 76 59 96 80 78 88 30 54 100 33 70 83 99 59 77 73 62 97 47 87 19 69 34 91 91 81 95 38 11 97 76 4 61 22 49 50 3 98 73 93 92 8 37 29 17 65 79 94 1 86 67 94 79 42 47 34 100 36 69 93
35 -11 -29 0
-12 -70 -37 0
50 -93 -47 0
-20 21 90 0
-30 -22 -12 0
99 -33 -91 0
47 14 -46 0
25 90 51 0
17 -61 -93 0
70 29 88 0
-74 -98 32 0
7 -41 34 0
57 31 81 0
-31 23 -79 0
22 -78 72 0
-39 38 -19 0
-20 -62 18 0
55 82 99 0
3 -93 48 0
-37 -84 51 0
-50 -80 -53 0
2 58 49 0
41 -5 52 0
-27 63 -4 0
-47 -3 75 0
-35 -54 -74 0
-67 33 -1 0
-50 -6 -28 0
61 -67 71 0
-21 43 -66 0
2 -93 -38 0
-30 -72 -48 0
-75 -1 -71 0
-67 -45 -14 0
92 91 11 0
8 99 -92 0
-67 54 17 0
100 -33 6 0
65 -49 -13 0
53 40 -21 0
-80 67 22 0
-59 64 -50 0
78 89 42 0
-56 43 87 0
41 -98 -17 0
-63 66 -26 0
93 90 9 0
24 -68 -62 0
-11 -16 7 0
-83 -77 45 0
-74 73 -48 0
39 58 3 0
29 -2 -33 0
-98 -80 86 0
74 -67 19 0
-25 -9 23 0
-50 -98 -57 0
-87 3 12 0
-49 -65 37 0
8 97 83 0
69 99 84 0
-30 41 59 0
15 -79 -21 0
-74 -94 -99 0
63 22 5 0
-62 -46 77 0
-37 -50 98 0
8 1 -71 0
-13 -73 36 0
-74 68 -71 0
-90 70 -68 0
23 29 13 0
-85 19 10 0
-94 56 -80 0
82 -30 -51 0
-34 -30 -26 0
-47 -18 -97 0
-6 -23 16 0
-42 62 -46 0
-62 -20 -58 0
63 79 -5 0
19 -81 95 0
27 63 58 0
14 75 -8 0
29 -89 84 0
85 -95 -6 0
-55 38 80 0
58 14 -100 0
44 4 -27 0
-7 -33 -39 0
-36 -98 20 0
-82 -55 -77 0
-36 -21 -43 0
94 -30 -56 0
9 -96 -59 0
-83 29 -60 0
-48 92 46 0
30 -94 75 0
4 -32 26 0
-73 -15 -76 0
