c instance by G2
c solution = 0010110011101010110101011011011101100011011110011100110000100000010011001001001101110011010100100000
c Known solution cost is 2409 
p cnf 100 100
w 66 17 74 86 68 85 1 53 99 79 38 47 6 75 87 81 14 93 3 51 99 93 74 64 7 53 32 16 60 96 33 88 36 39 23 49 68 99 21 88 31 4 45 46 89 62 62 65 74 7 43 24 85 1 23 82 37 5 79 50 62 97 32 79 11 28 39 69 67 96 55 63 17 79 92 11 33 36 5 34 9 17 41 23 64 85 60 46 69 84 46 52 43 15 39 75 57 9 45 80
-9 -53 80 0
-23 94 -17 0
-53 68 -7 0
-39 58 24 0
-32 26 40 0
93 87 36 0
-71 38 55 0
68 -56 16 0
-62 38 29 0
77 -64 -15 0
23 -11 43 0
46 79 29 0
30 -35 72 0
77 -14 7 0
76 -45 51 0
19 -90 -63 0
-97 91 -6 0
-17 -39 -78 0
-34 69 51 0
-34 97 -68 0
75 27 -50 0
35 -20 -34 0
-50 46 -41 0
-73 -57 71 0
-31 88 -49 0
50 93 38 0
-3 -34 15 0
52 -44 42 0
-72 -43 -10 0
1 -67 -69 0
-48 90 -9 0
-35 18 -45 0
-22 -52 -5 0
-16 72 -35 0
-91 -87 -18 0
38 -47 93 0
45 41 52 0
13 33 7 0
-88 -31 -58 0
-96 94 -39 0
84 -59 94 0
-1 37 -13 0
72 17 -28 0
36 53 -83 0
55 75 82 0
-100 -5 36 0
-59 -29 75 0
-28 95 74 0
-84 -92 -21 0
86 98 -60 0
55 -33 -39 0
-28 34 -6 0
-92 -51 -32 0
-38 85 -11 0
-90 -3 -99 0
20 -73 -48 0
39 7 -30 0
11 98 38 0
-6 33 -74 0
55 6 -9 0
-32 83 -34 0
28 67 -48 0
23 49 -39 0
-26 -73 51 0
44 -66 -11 0
47 -20 -46 0
55 9 12 0
67 -84 -36 0
-3 -86 -87 0
-61 -90 8 0
-50 -37 -43 0
-75 -79 12 0
73 26 19 0
-55 -15 -3 0
22 94 -59 0
91 -83 -89 0
31 -53 -95 0
10 12 -18 0
-53 70 26 0
-22 -94 64 0
-32 59 21 0
-66 -88 -8 0
-44 100 -19 0
25 36 -95 0
-85 -11 72 0
67 92 36 0
-98 -6 -69 0
-13 -92 5 0
81 -93 97 0
56 -65 -92 0
63 54 -83 0
98 66 -73 0
3 -45 -95 0
14 -77 -10 0
52 -4 36 0
-2 14 -73 0
-12 67 21 0
16 -25 32 0
97 -90 48 0
-84 -81 -59 0
