c instance by G2
c solution = 0000010010010001011011001111001101100101111011001111100101110010011010011011010010001101000001100101
c Known solution cost is 2302 
p cnf 100 100
w 72 84 99 1 67 81 35 51 76 88 62 36 8 92 68 93 84 70 24 89 33 3 58 94 45 80 96 39 99 17 3 65 27 52 63 4 100 94 42 25 17 19 33 76 13 56 98 20 38 72 11 97 89 30 1 62 64 73 59 4 46 57 14 57 56 86 74 6 22 9 7 83 31 20 66 32 18 14 88 95 4 34 87 30 32 65 92 6 86 21 16 48 87 20 15 82 32 94 97 23
-78 58 14 0
64 54 -97 0
82 5 69 0
-94 -5 79 0
47 22 68 0
70 -16 78 0
65 -43 -54 0
8 -47 -95 0
-43 67 97 0
-94 66 -88 0
-28 59 61 0
-35 30 76 0
-43 32 -72 0
46 17 -42 0
-75 -30 65 0
-29 24 -49 0
83 8 -99 0
-6 -51 75 0
4 -60 43 0
-52 95 70 0
-85 81 -50 0
9 77 -63 0
-100 -4 -12 0
-33 -40 1 0
25 24 -75 0
35 -78 7 0
65 90 -23 0
-52 68 27 0
-65 17 -50 0
-39 -50 36 0
49 -88 29 0
-70 -41 77 0
-45 -31 53 0
-42 16 -66 0
42 -88 4 0
-14 20 -56 0
-67 -89 -40 0
-94 73 55 0
65 40 5 0
-59 87 51 0
3 12 79 0
55 -1 -100 0
-92 61 24 0
57 23 94 0
3 -26 6 0
-95 72 -26 0
-75 -98 -91 0
-59 96 -79 0
98 8 -25 0
-31 -25 -74 0
-73 65 19 0
52 -49 -60 0
-68 -60 65 0
8 -15 -32 0
38 -18 71 0
92 88 4 0
-87 82 79 0
47 -11 -43 0
47 34 8 0
11 -45 -96 0
-63 -94 -83 0
83 -95 -71 0
54 -61 -100 0
-57 -50 10 0
-45 -2 30 0
-84 96 -81 0
-51 -36 -72 0
60 30 -35 0
24 89 -93 0
-27 24 26 0
-78 -8 -85 0
-75 57 45 0
21 -100 10 0
79 -20 2 0
-80 -49 -95 0
31 93 -59 0
-86 63 33 0
-94 15 -90 0
-73 -56 -3 0
28 24 79 0
-88 -44 29 0
56 -100 -51 0
-22 -77 10 0
-16 -13 62 0
-40 -55 -51 0
5 -53 -37 0
-22 11 41 0
-38 -16 50 0
-17 57 -50 0
-62 -50 -81 0
-64 -26 90 0
91 85 7 0
61 18 -72 0
20 -7 55 0
-52 -43 -48 0
-26 -28 -82 0
-73 -10 -16 0
80 61 100 0
74 86 68 0
-85 13 -24 0
