c instance by G2
c solution = 1010000110100100110001001000001010110010011100101000101111011010111001000001101001110010010100100111
c Known solution cost is 2472 
p cnf 100 100
w 75 30 37 86 47 40 65 56 46 88 67 71 87 62 77 67 33 53 50 97 30 27 87 5 14 78 91 93 46 98 39 65 89 58 92 82 70 42 70 40 44 23 41 90 96 31 37 95 85 2 56 96 38 76 58 50 79 91 92 91 85 95 41 38 28 31 35 36 70 3 26 6 7 83 50 82 39 44 61 89 45 46 82 58 91 51 89 71 2 98 91 28 97 17 48 50 61 57 1 35
60 40 81 0
77 68 6 0
5 -25 -80 0
-58 -11 -20 0
23 64 -94 0
-66 -48 -63 0
-65 -59 -84 0
15 -43 -91 0
23 83 -39 0
27 -86 20 0
-61 17 2 0
11 4 -44 0
73 84 -55 0
52 -69 -61 0
47 4 -44 0
43 40 15 0
-72 6 30 0
25 -11 -95 0
91 -57 76 0
80 15 57 0
24 42 38 0
-100 -26 -83 0
37 26 -5 0
-52 2 28 0
-45 -58 41 0
-29 78 -17 0
-88 10 -95 0
-47 4 -6 0
-41 27 -83 0
-22 6 56 0
71 -9 66 0
36 37 -35 0
-14 95 -22 0
82 -67 52 0
-21 24 81 0
-55 -66 -75 0
-62 48 -56 0
30 -39 -34 0
91 -7 32 0
-18 -85 52 0
-66 -97 75 0
-58 -28 94 0
75 -16 -65 0
-83 10 18 0
64 14 -44 0
-40 -66 88 0
-89 -83 62 0
3 -83 -8 0
48 96 8 0
-81 7 96 0
93 -38 -87 0
10 -51 -99 0
-8 94 -54 0
1 68 2 0
35 -47 -31 0
44 -57 -98 0
-1 31 4 0
7 -63 -74 0
-24 62 96 0
-18 -35 63 0
-64 29 -84 0
-33 -9 61 0
-22 -61 -15 0
-23 94 41 0
59 33 -47 0
59 -36 -4 0
78 99 24 0
-14 4 -13 0
-27 71 54 0
-70 22 -11 0
23 92 41 0
-56 -19 96 0
-32 37 64 0
-99 81 9 0
53 48 72 0
15 79 29 0
90 51 -100 0
-37 52 93 0
-49 -68 26 0
-43 49 -76 0
-92 59 39 0
-70 46 -10 0
-17 -18 67 0
-35 100 -95 0
13 65 72 0
87 69 -61 0
-12 91 59 0
-14 29 -93 0
-61 -73 -87 0
-30 -43 -14 0
-82 72 -50 0
6 -2 -39 0
-96 94 -1 0
98 -42 12 0
24 -71 -47 0
-31 41 58 0
-63 -78 74 0
-55 -57 70 0
-17 -46 32 0
41 75 55 0
