c instance by G2
c solution = 0111101011101010100101011111101100000001111010101110100001011101001110011001110100100101001101000110
c Known solution cost is 2846 
p cnf 100 100
w 87 38 41 52 72 93 40 91 22 55 63 54 54 60 7 89 63 88 77 74 82 67 56 3 68 51 25 44 77 20 55 54 56 27 26 56 43 70 46 87 25 25 77 66 12 78 85 6 74 82 42 94 34 24 21 88 57 100 67 73 39 46 8 42 38 60 20 39 72 1 38 63 99 62 16 94 79 68 65 59 96 95 84 54 29 90 45 38 76 79 23 46 89 43 19 60 40 21 40 86
66 -85 75 0
-15 -28 64 0
-33 -99 -28 0
94 48 44 0
35 -54 21 0
-3 -61 22 0
1 -76 67 0
-93 -69 36 0
-60 61 14 0
-68 -8 16 0
-70 -73 52 0
-15 96 50 0
-38 -42 -88 0
55 -49 25 0
75 -68 -55 0
33 -59 37 0
-98 77 12 0
-17 8 92 0
91 19 -68 0
-75 46 -25 0
-60 -61 -66 0
-76 -63 -32 0
85 58 12 0
15 -45 -98 0
27 95 -49 0
96 -14 -3 0
-43 68 57 0
41 -83 -78 0
51 16 90 0
-35 -3 -76 0
-80 31 -60 0
66 46 99 0
42 -49 34 0
83 -62 -29 0
-2 26 93 0
-61 -90 54 0
-41 -88 -16 0
90 93 2 0
49 -64 -78 0
5 -78 66 0
4 56 12 0
-76 97 -12 0
55 86 8 0
23 10 38 0
-6 -2 85 0
34 -50 -52 0
65 -4 -34 0
-95 -42 16 0
-62 -39 -45 0
-44 -53 8 0
-20 -65 -10 0
96 60 30 0
88 21 46 0
-42 -87 21 0
-56 -15 19 0
-43 34 47 0
17 82 39 0
-61 -50 43 0
-18 -15 -73 0
7 -41 -31 0
-31 32 -99 0
-13 -5 9 0
-61 55 76 0
71 -83 3 0
-76 -31 13 0
-100 -26 6 0
-46 -51 75 0
-99 -73 -57 0
66 73 -7 0
-64 -21 39 0
81 -51 11 0
-11 -30 1 0
-60 37 -71 0
-96 37 -83 0
-28 70 -48 0
35 -23 81 0
-26 -13 62 0
1 -36 48 0
20 1 -29 0
-97 93 -72 0
-86 35 78 0
-41 -3 24 0
-19 -92 -77 0
16 -77 29 0
45 -86 82 0
-61 1 -84 0
53 -29 -94 0
-47 54 72 0
18 -41 98 0
-74 -67 -31 0
-41 28 93 0
97 69 -2 0
82 14 40 0
56 85 -37 0
-15 71 -89 0
-73 -79 46 0
-82 -42 -83 0
80 52 -69 0
-20 -1 -98 0
35 23 -81 0
