c instance by G2
c solution = 1101110000010101011011101101101110000110010100001101010001010101101010101010101101110011010001001100
c Known solution cost is 2496 
p cnf 100 100
w 34 32 94 95 75 66 15 62 79 9 53 38 60 29 20 21 51 5 8 79 54 22 27 83 98 26 42 56 57 17 94 84 1 50 82 4 27 5 8 91 26 26 45 60 91 61 26 13 73 84 65 90 32 69 22 91 82 6 28 70 24 61 99 20 86 62 93 34 64 68 98 2 84 7 74 30 8 94 59 44 98 68 30 6 51 55 56 21 56 48 29 1 46 33 43 74 98 32 47 39
55 -51 89 0
-24 30 -44 0
-16 -9 -28 0
87 47 -54 0
34 76 -59 0
-60 20 -8 0
10 -34 27 0
-77 44 -19 0
-7 24 -64 0
-78 41 -79 0
68 82 41 0
39 99 48 0
-39 74 64 0
-19 -1 90 0
-39 60 -94 0
74 83 -32 0
10 -26 -47 0
5 24 -23 0
-80 2 46 0
55 25 7 0
6 -71 -39 0
67 36 66 0
-50 -37 89 0
79 15 74 0
-21 70 -74 0
-73 -35 -33 0
-73 -14 -93 0
-5 45 -40 0
-53 68 15 0
56 76 -63 0
-12 -4 -95 0
20 74 32 0
-58 75 61 0
7 -71 88 0
37 -22 -17 0
-82 7 54 0
27 -30 -22 0
-54 -92 -75 0
100 -15 -16 0
78 -71 -61 0
69 100 27 0
81 -52 -57 0
92 38 -23 0
-62 -100 -18 0
-11 72 -73 0
-2 92 4 0
24 77 -62 0
36 22 -26 0
-83 -62 -41 0
43 -89 -19 0
-20 -73 -29 0
-3 -44 -79 0
14 40 -5 0
37 -82 58 0
65 -58 -6 0
35 81 19 0
-29 -43 -23 0
-26 -16 -48 0
-5 97 -94 0
-66 -33 -18 0
18 -31 -16 0
78 61 -86 0
-58 70 -55 0
-52 -21 -56 0
49 -23 -38 0
-16 23 -52 0
-23 29 -5 0
-12 17 50 0
35 1 -97 0
35 12 -39 0
31 -67 -60 0
-19 -88 -68 0
80 45 -28 0
62 -22 34 0
13 -10 91 0
34 7 26 0
-72 -25 66 0
-5 66 -81 0
-87 98 -52 0
-21 17 16 0
-76 -77 11 0
-27 37 -18 0
94 -67 -50 0
-4 -28 -70 0
-22 -46 59 0
45 28 13 0
-82 52 -19 0
57 42 -49 0
84 27 53 0
21 -98 96 0
13 33 -54 0
-4 81 -91 0
91 73 -83 0
-36 -2 -22 0
-52 -96 -94 0
37 -69 -13 0
-85 -90 53 0
15 -1 -45 0
55 71 17 0
-28 95 -99 0
