c instance by G2
c solution = 0101010101111111110100010110100101001110111001111111111000011011011111001110000001000000011011010101
c Known solution cost is 2796 
p cnf 100 100
w 93 7 10 77 92 16 33 67 100 63 93 88 67 58 9 57 83 40 27 15 97 76 66 26 69 43 7 95 68 41 55 85 93 26 49 13 6 92 14 3 18 6 58 14 4 37 11 54 73 75 57 70 37 99 65 89 31 92 19 94 31 57 80 98 48 42 74 9 46 64 7 85 30 71 64 87 20 75 54 18 97 49 46 10 11 78 18 96 64 6 96 45 32 8 4 11 81 46 58 78
-17 -41 100 0
-46 95 75 0
36 6 25 0
-3 -100 -69 0
-58 44 -27 0
83 -88 -90 0
33 97 68 0
14 -100 -53 0
44 -32 82 0
78 -56 -12 0
51 5 95 0
87 -2 -30 0
65 -95 -64 0
43 65 -67 0
39 19 -90 0
32 -48 59 0
59 21 67 0
64 89 25 0
-77 -68 59 0
-48 -84 -69 0
80 -7 83 0
-20 38 59 0
40 73 -42 0
-60 96 86 0
99 -59 89 0
-27 -86 -75 0
77 -93 98 0
88 94 -27 0
78 -89 -98 0
-94 2 -64 0
-42 90 65 0
-26 46 -66 0
-76 59 -37 0
11 -27 -10 0
-43 76 29 0
-43 -98 -62 0
-99 -63 -18 0
-79 -51 -96 0
-41 50 97 0
79 8 92 0
-64 34 -11 0
-100 -39 17 0
80 7 53 0
-23 31 -74 0
76 -39 74 0
-100 92 -36 0
-73 -8 -22 0
-100 -57 22 0
5 -90 54 0
-8 -14 -19 0
-92 -20 21 0
-94 -81 71 0
-50 -13 -78 0
31 52 -74 0
99 85 12 0
95 -97 92 0
83 60 -66 0
57 -17 63 0
47 -55 76 0
-21 -13 -66 0
18 -75 -27 0
89 -63 13 0
92 -64 24 0
-63 -71 -17 0
89 80 -31 0
-67 20 -74 0
35 -72 -54 0
41 99 21 0
-15 55 -64 0
-2 61 -20 0
15 65 -61 0
16 -17 95 0
66 -34 -46 0
-2 -10 91 0
49 79 -53 0
-80 -50 -37 0
-2 -91 26 0
-61 -65 -75 0
5 -35 -75 0
-10 -41 37 0
22 87 48 0
27 3 -68 0
42 -82 65 0
70 -64 -32 0
7 69 92 0
-28 -12 -29 0
72 -43 -25 0
-45 56 -37 0
40 -49 -87 0
31 93 -12 0
-98 -83 -51 0
72 4 57 0
83 -5 -41 0
-9 -11 58 0
-29 -33 -12 0
23 36 -40 0
87 -10 -85 0
-75 -1 -74 0
88 -44 -63 0
45 10 -49 0
