c instance by G2
c solution = 0110010010111010010000001000000101010011000101000101010011001111001100100100101101110100000011101000
c Known solution cost is 2021 
p cnf 100 100
w 50 51 87 95 44 16 78 49 66 10 20 95 2 67 12 77 57 95 26 34 7 67 59 25 73 36 1 90 23 40 27 47 76 45 28 2 34 67 27 39 92 37 2 43 51 2 34 15 66 94 99 23 96 95 82 50 88 99 20 45 91 66 53 30 100 44 2 50 49 4 26 58 11 57 70 39 65 57 79 12 99 76 71 9 14 22 77 17 91 70 44 18 82 30 55 63 24 39 29 12
-94 98 68 0
73 -59 -86 0
1 83 -11 0
36 1 -83 0
-78 -84 66 0
24 -86 -92 0
-16 89 100 0
98 -80 79 0
-47 81 -79 0
80 78 4 0
-75 -68 -12 0
-50 8 -30 0
23 100 86 0
56 10 -35 0
-12 26 -65 0
-39 59 15 0
-80 94 19 0
-53 19 -84 0
-21 -18 -64 0
-71 62 -84 0
70 -54 -91 0
-90 -13 -86 0
87 -69 16 0
63 10 -46 0
-32 -67 -7 0
-22 -68 91 0
-93 39 22 0
53 34 96 0
20 11 -74 0
38 98 71 0
-56 88 -61 0
-32 -2 67 0
-11 40 35 0
56 49 -76 0
82 30 85 0
-9 -17 41 0
12 -58 92 0
72 57 -80 0
93 -68 1 0
-43 30 23 0
98 7 -55 0
-18 81 -26 0
-25 -87 8 0
-23 -86 47 0
-40 -25 95 0
76 -49 45 0
69 5 -81 0
-33 70 -95 0
22 -57 -24 0
28 88 -38 0
7 78 97 0
41 47 -89 0
32 100 -54 0
14 77 -94 0
-52 -88 -80 0
50 26 59 0
70 55 -19 0
64 42 -44 0
-85 4 76 0
-51 -34 -71 0
46 41 69 0
42 8 61 0
-44 85 -10 0
54 75 72 0
44 -61 98 0
-86 3 -15 0
73 -15 -14 0
-45 33 4 0
10 -39 84 0
-9 -79 -37 0
88 -98 -39 0
-6 58 -68 0
6 19 60 0
53 38 -27 0
-1 19 -82 0
9 85 -46 0
-8 -46 41 0
98 -67 52 0
-3 18 -40 0
-20 48 47 0
55 -66 -6 0
75 -48 20 0
35 30 -42 0
75 -41 -79 0
16 -100 37 0
20 -12 2 0
-4 88 -18 0
-15 98 -72 0
13 4 -79 0
1 -73 27 0
-60 33 21 0
19 33 -29 0
22 76 -99 0
8 -5 49 0
-82 -31 91 0
-63 -28 -9 0
-80 -82 25 0
59 -70 -80 0
-71 -82 74 0
-96 87 4 0
