c instance by G2
c solution = 0000011010110011100010010011001100000001110010101111110111101011000011100010111011101000011100010011
c Known solution cost is 2755 
p cnf 100 100
w 29 13 61 96 66 74 46 81 48 72 70 68 68 36 93 81 52 97 73 9 97 93 63 48 82 79 29 22 69 93 8 11 56 5 38 37 23 100 6 74 51 66 24 26 54 13 47 93 50 76 81 93 71 71 31 79 28 7 25 34 91 73 26 36 13 51 100 43 8 86 69 39 29 55 75 67 12 97 76 66 85 99 14 28 80 35 88 37 17 77 41 24 32 77 3 14 70 26 57 68
-1 10 66 0
-71 73 9 0
-29 -42 39 0
-71 21 -79 0
65 83 23 0
22 -28 -76 0
-46 87 -71 0
-55 26 -41 0
34 -4 -81 0
51 34 -6 0
38 36 75 0
73 62 -48 0
94 -40 47 0
67 -52 -10 0
-71 10 85 0
41 14 5 0
50 -15 94 0
-17 76 32 0
81 -52 89 0
-92 -37 1 0
-12 -74 -83 0
33 13 70 0
25 93 -18 0
62 6 -42 0
-9 -11 -73 0
59 -41 72 0
-95 39 4 0
-39 -61 -64 0
-85 -23 88 0
88 -17 92 0
-35 -92 -6 0
68 71 25 0
22 -60 46 0
-70 55 -30 0
-97 74 5 0
95 34 -65 0
48 34 16 0
36 89 -26 0
-93 29 38 0
-79 -22 -99 0
-67 87 13 0
-54 53 -77 0
35 -41 -3 0
-43 87 3 0
-99 45 36 0
89 57 -24 0
14 91 -83 0
82 1 5 0
84 -8 73 0
56 -53 -71 0
77 -75 -52 0
15 19 30 0
23 -98 -12 0
38 -64 40 0
24 -54 19 0
-64 -84 97 0
-15 33 -2 0
94 -89 62 0
52 84 -15 0
-42 28 2 0
-56 -99 -36 0
99 -92 80 0
-47 -62 -75 0
-12 76 -20 0
-45 66 -44 0
-86 -50 -11 0
-88 14 66 0
86 7 -61 0
-17 14 31 0
-34 95 76 0
13 90 -6 0
-50 87 -33 0
-9 60 -13 0
17 -85 -27 0
-99 73 -38 0
95 49 20 0
25 48 100 0
-77 -87 55 0
72 -16 61 0
64 66 -54 0
-25 -7 -56 0
-68 -52 14 0
42 -100 34 0
-85 30 -5 0
-80 -64 4 0
-14 -59 26 0
-6 -64 12 0
-70 98 69 0
-17 54 5 0
-19 14 98 0
27 5 4 0
37 -78 63 0
-52 25 79 0
-90 -75 78 0
44 -71 58 0
-94 -6 72 0
60 11 30 0
33 66 -72 0
-66 8 14 0
96 67 -61 0
