c instance by G2
c solution = 0111101010101000100000000010111110111010110001011001110010101110110010000001011000011110010011010100
c Known solution cost is 2515 
p cnf 100 100
w 49 94 28 81 15 82 19 68 54 19 80 90 2 55 33 14 79 54 64 29 40 79 30 49 3 41 49 15 72 82 17 27 61 19 79 89 58 48 12 23 83 34 55 74 87 54 17 28 81 51 93 49 27 45 40 87 48 66 57 50 64 79 48 76 56 69 29 85 53 47 8 50 81 82 67 65 76 20 70 50 90 22 88 26 34 73 100 75 32 96 24 1 8 52 37 5 94 93 39 14
67 -76 -74 0
-93 48 -84 0
-68 43 100 0
-62 -75 -36 0
93 -79 -11 0
-52 17 73 0
-62 31 12 0
-5 67 30 0
-53 -100 -52 0
19 -36 79 0
-45 -57 -13 0
29 -79 26 0
-94 40 -25 0
-36 92 -83 0
75 90 -30 0
-21 67 82 0
-17 -71 -93 0
-35 -98 -58 0
88 -37 -81 0
-57 -95 43 0
-52 59 16 0
-34 18 -96 0
42 82 80 0
-62 -47 70 0
63 -96 -31 0
96 15 91 0
-53 69 21 0
97 -66 -88 0
67 43 46 0
47 12 76 0
-67 97 47 0
-61 -65 84 0
18 -29 -23 0
-24 -85 -54 0
35 97 70 0
2 25 24 0
-89 -31 -41 0
94 55 74 0
60 72 -20 0
81 3 -52 0
-28 44 91 0
-36 -98 -72 0
81 9 -66 0
22 -53 39 0
-86 -36 57 0
-43 73 -39 0
-50 -36 -27 0
-61 -7 37 0
-30 -90 66 0
-97 1 40 0
99 5 -35 0
-78 41 56 0
-80 -32 -65 0
-60 -9 -48 0
-12 -90 99 0
33 -49 22 0
-5 -62 61 0
-63 28 -22 0
-14 -9 73 0
-29 53 -2 0
52 81 34 0
-29 87 -65 0
44 -37 -64 0
73 -82 72 0
47 -1 -48 0
-69 71 11 0
14 -91 -93 0
-40 47 -9 0
71 -79 65 0
67 20 98 0
15 85 56 0
62 -17 -65 0
71 83 86 0
36 15 56 0
56 18 49 0
-61 -8 -46 0
19 -36 -6 0
26 4 -42 0
68 -15 20 0
-98 -19 12 0
-92 -33 21 0
-98 89 13 0
-90 67 -18 0
-16 97 -32 0
10 7 -36 0
-96 -61 -55 0
-13 -99 -37 0
-51 67 47 0
27 -79 21 0
73 47 -44 0
-2 -70 -57 0
54 -35 58 0
100 -56 40 0
-66 -79 32 0
19 51 -10 0
92 -77 12 0
-73 6 75 0
58 -31 -38 0
81 78 74 0
-13 -53 -26 0
