c instance by G2
c solution = 0101011010100100010011000010011000001110110000111011111101100000011000010000110011110000011110010101
c Known solution cost is 2339 
p cnf 100 100
w 20 28 63 78 11 87 29 44 57 53 76 16 62 58 58 90 33 52 27 6 91 92 32 46 89 36 70 24 60 72 31 98 81 16 44 78 9 37 15 6 5 60 54 7 19 31 34 7 83 12 82 62 73 64 14 89 23 21 71 53 66 19 20 56 57 46 9 100 51 46 64 94 1 100 8 89 100 29 71 17 77 41 75 24 50 90 18 45 41 3 91 20 26 55 37 22 100 99 35 36
76 -35 28 0
-91 8 -15 0
-9 80 -74 0
-91 31 -42 0
-55 14 -82 0
77 1 -59 0
73 -78 58 0
-22 42 97 0
99 93 -82 0
-18 49 88 0
68 -81 -62 0
-50 -14 16 0
92 79 -83 0
79 61 -20 0
-97 32 44 0
-22 43 -36 0
8 -79 -48 0
69 4 -47 0
81 68 -51 0
-22 -71 -21 0
-39 -69 -6 0
-48 97 -75 0
72 -98 -18 0
89 -98 48 0
25 26 51 0
-99 15 -84 0
-40 -98 45 0
-14 -70 -96 0
-90 -68 1 0
-18 88 -3 0
-93 -48 -46 0
82 10 -4 0
-23 40 -2 0
-33 -98 -6 0
-43 20 32 0
21 -56 -7 0
20 -30 -88 0
-57 20 5 0
16 -63 68 0
-91 67 -90 0
-27 -32 73 0
29 -93 -24 0
-29 -72 -7 0
-89 16 -11 0
78 -37 -66 0
-26 94 75 0
-45 -38 34 0
89 -82 -28 0
-41 24 100 0
34 -8 -6 0
-58 -65 12 0
-56 26 9 0
11 71 95 0
91 13 26 0
61 -5 12 0
23 -76 -54 0
45 18 -49 0
8 56 28 0
61 -83 -13 0
-39 -25 88 0
54 -53 1 0
37 32 -4 0
8 -86 -54 0
-2 47 -93 0
10 41 -93 0
1 -67 -64 0
27 -55 -48 0
-100 -66 7 0
70 53 -90 0
-84 -80 97 0
-87 -55 36 0
-2 6 29 0
-59 -18 -73 0
-94 -51 65 0
74 84 -7 0
-34 68 62 0
-1 -67 75 0
90 79 -37 0
-19 -81 -59 0
70 52 -27 0
61 -17 -11 0
39 3 20 0
32 79 -95 0
-12 43 62 0
2 71 85 0
46 -60 70 0
-77 17 96 0
-56 -85 32 0
38 17 63 0
-51 17 30 0
59 -96 -47 0
89 -10 62 0
-52 -44 74 0
-77 98 63 0
-14 1 66 0
83 -41 16 0
76 55 15 0
50 19 -61 0
-55 22 -54 0
-78 -84 -16 0
