c instance by G2
c solution = 0100111100010101111001101110101110001110110101010110100110001111000000110111110011100110010111101110
c Known solution cost is 2935 
p cnf 100 100
w 10 67 38 98 100 63 67 41 33 44 47 69 77 49 64 55 36 68 66 71 2 13 1 8 13 7 90 27 79 23 31 59 58 29 78 40 66 97 50 56 54 57 96 32 47 23 28 78 70 12 28 64 57 14 19 37 22 57 88 65 60 38 95 84 48 20 32 55 75 65 2 15 59 30 63 34 92 37 14 53 73 54 44 94 48 36 99 56 41 9 88 93 83 55 52 20 95 39 8 89
-41 -11 -42 0
-37 30 81 0
-92 -27 64 0
-98 -13 43 0
73 -91 -57 0
91 -63 -89 0
-30 -6 3 0
4 -26 -65 0
-41 77 -5 0
56 -2 -33 0
-95 -72 86 0
-83 11 17 0
11 40 -54 0
69 -68 -63 0
-2 72 11 0
-90 47 51 0
-63 67 -84 0
-17 1 57 0
-99 -69 1 0
-88 -90 54 0
59 -100 4 0
-60 -37 -77 0
59 49 -3 0
-52 -97 -71 0
-19 -50 -36 0
-32 -9 10 0
-94 52 42 0
-27 -29 26 0
83 -53 -17 0
6 55 -18 0
-33 -40 -72 0
-10 -86 24 0
-32 19 30 0
-90 -29 -85 0
67 29 85 0
-71 46 79 0
-1 -14 70 0
-15 49 100 0
-94 -44 -66 0
-22 79 5 0
88 53 36 0
9 49 95 0
-5 -29 23 0
-18 9 -96 0
33 -6 67 0
22 -86 43 0
-50 66 94 0
63 70 -42 0
-93 82 -62 0
-33 -79 -14 0
-25 88 78 0
52 41 55 0
4 87 58 0
20 -83 8 0
36 -16 -55 0
37 13 60 0
90 43 -33 0
84 -27 -47 0
-2 -21 52 0
60 -20 -57 0
-5 62 -57 0
68 -73 -53 0
85 -35 -51 0
-80 -53 -8 0
48 80 67 0
-99 7 96 0
-25 47 71 0
-62 36 -34 0
39 49 -5 0
-90 54 61 0
92 -77 -12 0
-37 -32 16 0
-86 31 -25 0
-98 93 -19 0
14 -81 34 0
44 67 89 0
96 -46 -70 0
-24 -37 -17 0
25 -38 -83 0
-17 27 -37 0
-63 21 97 0
-2 -27 -59 0
70 75 100 0
-53 69 76 0
-45 96 -33 0
-49 -23 -6 0
43 32 -14 0
36 50 10 0
89 99 -22 0
1 38 11 0
-43 -72 21 0
-38 -48 -58 0
-92 98 -57 0
-12 -4 -23 0
-48 18 47 0
74 -18 -42 0
73 -77 -28 0
-67 70 -25 0
84 -48 12 0
2 40 45 0
