c instance by G2
c solution = 1011100110101101010000101110110000111011110010100011101101011101100001111010101011000100011111001111
c Known solution cost is 2556 
p cnf 100 100
w 17 63 19 80 95 15 1 43 6 77 27 20 9 96 66 31 74 87 55 50 94 70 36 74 21 46 43 33 39 34 11 29 14 41 74 42 66 36 29 30 79 43 39 26 50 68 4 63 79 60 62 91 41 84 1 6 32 54 24 5 54 91 6 78 3 98 55 62 94 28 48 48 35 98 5 19 84 34 95 89 53 41 73 35 38 86 67 52 76 34 59 49 84 35 71 86 56 12 66 6
-64 100 -47 0
48 20 99 0
23 -58 85 0
2 82 -98 0
-100 -66 -14 0
48 -1 79 0
-36 -27 -32 0
1 21 7 0
34 -87 -5 0
-4 -25 61 0
-93 12 -31 0
84 -75 -48 0
-21 54 -36 0
85 16 -9 0
-77 -73 52 0
-25 -23 -50 0
18 -29 -8 0
43 81 -26 0
74 13 83 0
-65 33 -44 0
-86 -78 -41 0
-84 -77 2 0
55 -77 -82 0
-95 67 43 0
48 -98 -54 0
17 -28 -98 0
69 85 97 0
-71 -22 -23 0
9 22 -1 0
-88 -93 -55 0
91 50 -55 0
35 -29 96 0
-10 -36 15 0
20 86 89 0
-1 -2 84 0
77 -5 83 0
-51 60 84 0
-27 5 63 0
-43 -26 -62 0
-52 25 -53 0
-20 24 49 0
3 80 49 0
-92 -34 -8 0
-99 -92 -57 0
-1 48 70 0
10 26 48 0
24 -68 -75 0
44 14 -90 0
-53 4 -92 0
68 64 69 0
-61 -59 -42 0
48 -97 51 0
98 76 -79 0
76 -15 -86 0
87 68 93 0
30 89 74 0
-45 -17 59 0
58 -42 -72 0
8 -71 54 0
59 -58 11 0
48 -3 39 0
27 -77 95 0
94 34 -62 0
-8 67 45 0
-29 37 -91 0
-71 -90 42 0
19 -80 46 0
-6 -93 -100 0
-27 -77 -76 0
28 -24 38 0
22 -56 62 0
-77 -37 -19 0
-60 -83 87 0
-85 -26 89 0
-71 90 -4 0
34 -38 -25 0
-45 36 -73 0
-55 92 84 0
-56 -26 71 0
-70 21 56 0
-46 38 -97 0
-56 -79 -74 0
-63 -97 22 0
44 -39 -12 0
-55 -96 -77 0
-89 80 -58 0
-49 31 -86 0
-82 40 80 0
-81 -37 41 0
83 -7 -30 0
17 53 -26 0
-73 54 -69 0
65 74 -25 0
73 -11 -62 0
72 -8 67 0
-36 29 19 0
-67 95 -91 0
28 69 -33 0
67 -70 47 0
-3 75 -16 0
