c instance by G2
c solution = 0000100011000011011110010010001011001110110000010010001100001000011010000111100010111100001010010111
c Known solution cost is 1936 
p cnf 100 100
w 9 93 5 71 4 23 83 25 42 22 6 78 57 35 34 29 90 69 92 76 21 92 96 52 41 55 63 12 87 88 4 49 64 52 39 17 19 10 74 47 83 68 45 63 91 68 79 42 49 52 78 95 86 25 30 11 55 70 84 9 90 61 92 50 3 19 59 96 3 82 14 84 99 67 95 19 31 49 35 51 23 15 31 16 82 13 95 48 78 72 95 63 67 98 29 38 61 77 1 71
30 -64 -38 0
-52 -85 17 0
-66 8 24 0
53 42 59 0
-35 -93 60 0
54 47 20 0
-51 -41 -44 0
31 -15 97 0
-32 88 94 0
76 -24 12 0
-22 -33 -41 0
8 40 100 0
-65 -75 -56 0
-13 63 1 0
45 -56 -50 0
-98 39 54 0
8 64 -97 0
19 89 90 0
-37 44 -94 0
-11 -34 -96 0
37 -56 -19 0
33 -96 65 0
28 81 -76 0
36 22 9 0
53 73 -57 0
86 14 -38 0
2 50 67 0
45 -88 1 0
47 93 22 0
-62 89 36 0
25 97 41 0
-76 -37 51 0
-67 -38 -40 0
21 -85 6 0
-19 -60 -27 0
50 64 96 0
-92 8 -84 0
-82 80 -37 0
-5 60 10 0
-46 3 4 0
14 -42 -72 0
82 89 -45 0
4 44 91 0
28 -1 50 0
-17 36 32 0
63 -67 -3 0
4 40 27 0
89 43 66 0
-36 45 -100 0
23 -76 77 0
62 48 -34 0
53 12 85 0
-42 -37 -49 0
99 23 -86 0
46 -75 -25 0
-84 -68 -24 0
-33 -99 -7 0
-86 84 45 0
34 -74 -31 0
-58 -42 -84 0
26 -53 97 0
69 68 95 0
40 22 -95 0
18 -5 -21 0
14 57 -59 0
94 -14 2 0
-81 5 45 0
44 -28 8 0
29 -43 11 0
-78 -9 73 0
15 64 63 0
49 -81 -87 0
3 -54 23 0
-6 -51 -85 0
90 98 57 0
-24 -85 55 0
-79 -77 -84 0
46 44 -90 0
-91 -56 -4 0
-23 13 -76 0
-30 13 58 0
-8 89 -27 0
6 -12 -34 0
-26 -86 -21 0
74 53 -21 0
43 56 68 0
-56 -47 -85 0
-55 -80 -74 0
-96 32 38 0
32 61 -84 0
17 -31 -63 0
-73 65 44 0
-10 -27 83 0
-89 29 -42 0
26 16 -21 0
-71 44 17 0
3 -29 78 0
-34 -48 -70 0
52 75 6 0
-2 -5 40 0
