c instance by G2
c solution = 0011010101010010011100110111101001011010010110111101011110100111001011110000001110101000010001111100
c Known solution cost is 2578 
p cnf 100 100
w 32 68 2 34 7 90 27 2 85 70 5 79 55 30 30 39 28 57 86 38 98 22 63 5 94 16 73 75 20 24 42 38 47 44 68 59 12 24 36 79 51 98 25 98 99 7 33 52 61 86 12 94 19 57 70 30 80 66 13 94 20 9 77 22 37 83 9 50 6 8 72 11 7 5 3 100 83 55 75 91 74 64 87 31 78 99 18 75 72 65 18 9 71 2 1 28 18 41 11 45
-49 -32 -96 0
-54 -100 51 0
38 -44 -58 0
-7 -57 -85 0
-96 75 34 0
-50 -65 40 0
-12 79 43 0
86 64 22 0
95 30 7 0
-5 -90 -56 0
71 9 -48 0
50 40 21 0
-66 -94 -4 0
-17 66 -28 0
100 69 89 0
9 63 5 0
9 -86 -63 0
-70 89 -53 0
-68 -31 -44 0
-94 14 -84 0
3 -6 -19 0
-67 -78 -12 0
-54 88 -38 0
42 -45 -97 0
86 -40 92 0
-50 49 87 0
-11 66 -67 0
10 -36 13 0
2 -80 45 0
-52 62 74 0
-55 -93 1 0
-88 86 5 0
-92 41 91 0
5 81 -39 0
-59 14 54 0
4 100 -59 0
-28 84 6 0
-23 82 -41 0
73 -1 -55 0
24 77 73 0
-13 -98 -4 0
55 -26 14 0
-2 -36 33 0
-22 -62 61 0
12 100 1 0
14 76 19 0
41 40 29 0
74 80 68 0
-87 -59 -48 0
-95 -12 83 0
93 37 -42 0
23 87 100 0
-49 99 -16 0
-81 -30 -3 0
-10 -15 18 0
72 86 -64 0
-91 -37 -6 0
-3 57 -49 0
-15 98 -52 0
39 -85 13 0
59 -97 -85 0
-25 33 -3 0
-97 20 38 0
-81 -33 -97 0
66 28 9 0
77 -46 13 0
89 38 97 0
67 35 -62 0
31 -24 -15 0
66 -3 70 0
86 2 -51 0
-4 -14 41 0
-43 87 -19 0
52 -96 32 0
-59 1 85 0
-60 -69 1 0
27 -56 86 0
-95 -35 -45 0
-81 96 2 0
-73 -98 -45 0
78 65 8 0
-47 88 48 0
90 41 22 0
-31 -21 -45 0
5 -79 26 0
-57 94 -29 0
-77 -44 -34 0
-55 47 -8 0
-61 -44 16 0
22 -54 -75 0
-8 -70 15 0
-42 30 36 0
-80 58 56 0
-82 -47 25 0
-76 -63 -70 0
-55 -74 -8 0
76 44 77 0
-9 65 46 0
-19 -89 -42 0
86 22 -99 0
