c instance by G2
c solution = 1010111001110010010101011111000010101111111001000011101010101100100110110100000001110100001111100111
c Known solution cost is 2752 
p cnf 100 100
w 96 28 50 55 84 44 9 23 75 79 52 24 30 91 81 70 94 80 37 35 16 94 66 49 12 77 100 78 40 4 54 82 60 50 4 32 59 49 93 3 21 15 34 74 89 85 95 18 44 37 8 38 52 66 3 68 53 29 24 12 35 69 13 49 53 78 80 69 7 44 5 76 74 82 74 19 93 29 82 51 98 50 52 79 63 87 15 42 56 77 48 90 40 76 28 98 22 98 47 16
-47 -10 -94 0
-15 24 21 0
4 59 -99 0
-82 -65 41 0
-62 -55 -58 0
43 -51 -11 0
-64 23 -42 0
19 74 -84 0
3 -10 23 0
-17 -33 -100 0
-35 -3 95 0
26 -71 89 0
-93 6 67 0
36 -99 -77 0
16 84 -68 0
90 -93 83 0
-67 -25 -86 0
-60 -25 4 0
-61 31 -96 0
90 -1 -31 0
-78 76 44 0
58 11 -100 0
-1 -57 -63 0
39 -41 80 0
-68 -99 98 0
21 -46 86 0
69 -91 -95 0
-100 -74 -14 0
-27 55 -18 0
10 -20 67 0
-51 -23 -98 0
-68 79 -44 0
-99 57 -39 0
-8 76 44 0
9 -80 -40 0
-26 47 28 0
25 -93 73 0
16 68 31 0
19 -71 -79 0
-71 34 37 0
46 75 19 0
-11 -28 -73 0
27 76 81 0
-70 48 -39 0
45 -81 -84 0
-75 44 -62 0
-27 78 -48 0
56 19 -34 0
96 4 18 0
-40 -45 13 0
-88 -52 64 0
81 -85 49 0
4 99 -33 0
97 -90 -42 0
-56 89 -6 0
-32 60 -27 0
47 80 -97 0
15 78 -100 0
16 35 -61 0
13 -4 -39 0
-26 75 42 0
72 89 -100 0
52 90 85 0
-27 -59 92 0
-93 38 -72 0
13 -21 90 0
16 -59 -13 0
91 9 88 0
-35 51 -18 0
-84 5 63 0
-98 100 -3 0
76 94 78 0
30 -2 -100 0
-35 40 -57 0
-41 -10 -29 0
13 34 65 0
71 70 -7 0
-87 47 -6 0
93 17 44 0
56 -7 -16 0
-89 -11 75 0
-30 -61 78 0
44 -38 33 0
-9 -86 97 0
61 -65 54 0
62 90 -25 0
20 87 -82 0
-10 -54 90 0
44 -19 -65 0
7 64 -3 0
12 -69 -25 0
-76 -3 9 0
-24 73 22 0
47 -49 -10 0
82 -86 17 0
-86 80 -36 0
53 8 -35 0
-18 44 1 0
-15 48 -50 0
-66 8 56 0
