c instance by G2
c solution = 0100100101101010010100111001100011010110110010110110011001110001011011010001010001100000011000101010
c Known solution cost is 2267 
p cnf 100 100
w 95 87 40 89 75 11 65 47 47 48 96 75 94 76 42 65 22 81 35 86 60 41 57 50 57 31 32 16 80 65 13 83 3 40 74 6 100 68 72 51 6 83 97 13 18 40 64 97 76 72 46 35 15 36 9 37 62 85 62 8 31 96 66 3 21 28 58 62 19 21 64 54 35 78 15 7 3 9 96 24 43 57 79 52 89 21 87 98 97 98 25 82 18 17 63 66 25 100 30 26
-83 18 16 0
-93 -2 3 0
100 -13 -71 0
-36 90 74 0
30 69 -60 0
-73 21 -76 0
-46 88 -42 0
-29 -97 25 0
93 -64 -61 0
84 -34 -80 0
-41 88 78 0
-66 85 -4 0
-23 -20 50 0
57 -13 -87 0
68 -44 -83 0
-64 16 82 0
30 55 98 0
14 -67 47 0
-96 -66 -76 0
-55 64 96 0
-67 -92 52 0
-72 -94 77 0
92 5 -36 0
95 -39 88 0
7 -12 -8 0
-49 46 -70 0
43 -81 3 0
88 -79 4 0
20 -99 -48 0
-48 43 -37 0
22 44 -62 0
68 29 -72 0
37 -99 -21 0
-50 -74 -64 0
-65 68 74 0
96 -5 -17 0
-41 -88 71 0
-15 -34 76 0
2 -76 6 0
-22 -2 77 0
79 14 -77 0
73 -18 33 0
-47 -23 83 0
28 68 -41 0
-18 -68 -67 0
38 -24 53 0
42 -34 81 0
45 84 -67 0
91 -38 92 0
23 75 -58 0
99 89 52 0
100 34 81 0
49 -43 -5 0
-69 -16 -2 0
66 -48 -41 0
75 -48 -40 0
-99 -3 100 0
-91 -19 35 0
-99 -27 32 0
-25 -84 -23 0
44 -35 -8 0
4 -58 41 0
-82 -91 -31 0
-15 -6 -33 0
94 7 -53 0
8 87 -20 0
62 -48 51 0
-59 -55 24 0
21 -14 81 0
39 -67 43 0
-32 9 -47 0
-58 15 100 0
-36 -85 86 0
93 57 -56 0
4 9 58 0
52 96 48 0
54 77 92 0
-98 -82 -8 0
74 -41 -9 0
-60 -64 -75 0
-33 -11 10 0
-78 72 49 0
-30 57 86 0
73 37 -7 0
9 -23 36 0
-47 -86 6 0
-83 97 -60 0
-100 -66 -55 0
60 22 -15 0
96 -63 7 0
81 79 13 0
-58 -52 -67 0
70 100 -25 0
-26 -60 81 0
-8 43 -1 0
-60 11 80 0
9 52 59 0
67 -70 88 0
-57 14 -78 0
44 30 -89 0
