c instance by G2
c solution = 0011000011100110010101111100110111100011010110110101001100001010010101000100001111010011000101111110
c Known solution cost is 2588 
p cnf 100 100
w 49 69 42 58 91 69 2 27 88 95 14 35 88 96 70 97 81 70 18 21 23 42 100 96 10 3 97 33 20 14 21 46 63 48 20 85 54 77 9 12 66 6 35 82 86 39 38 66 50 89 81 19 43 10 6 28 54 73 41 25 54 51 34 9 87 33 34 2 22 25 39 2 52 93 41 21 11 19 89 50 54 57 44 78 84 2 3 70 99 95 39 75 79 60 88 64 93 60 49 42
44 13 69 0
-84 -67 -52 0
-89 57 58 0
-30 53 88 0
86 34 100 0
16 -32 70 0
-15 -66 -57 0
43 -16 53 0
-31 -10 -61 0
-56 -74 -8 0
89 27 -60 0
4 60 -56 0
-85 -47 83 0
-5 53 72 0
-25 -77 8 0
-96 -14 -73 0
92 -25 31 0
-21 1 78 0
-27 53 100 0
-66 9 -79 0
78 69 29 0
-97 -41 90 0
17 -20 96 0
-37 21 -35 0
46 72 48 0
38 36 23 0
-92 -63 11 0
-64 73 -96 0
93 -35 63 0
17 64 15 0
-95 74 38 0
-88 58 30 0
-17 27 6 0
-3 79 27 0
-74 -86 85 0
2 -69 73 0
-56 -83 -55 0
-95 -2 31 0
67 58 99 0
-87 -95 -43 0
-15 49 -36 0
-96 75 -28 0
78 -34 95 0
-15 -65 -87 0
-70 17 18 0
-68 -93 60 0
-11 55 -97 0
54 52 53 0
97 16 7 0
-32 65 35 0
12 50 76 0
-63 81 -68 0
75 -12 76 0
-3 80 16 0
60 -7 -47 0
22 -70 -56 0
62 -59 -92 0
-49 -26 -79 0
6 -3 32 0
62 -15 42 0
-52 24 -22 0
33 7 37 0
-20 100 -19 0
-35 -63 -62 0
90 68 -47 0
56 57 31 0
5 -34 20 0
85 38 -1 0
-58 -23 -55 0
86 -34 -54 0
5 -48 40 0
-82 93 -13 0
-95 -50 -46 0
25 77 -23 0
47 -4 71 0
82 -45 -29 0
77 62 -38 0
65 39 67 0
-92 66 90 0
72 -22 3 0
-70 -87 -51 0
-14 -70 -53 0
87 78 -55 0
-6 69 1 0
-72 53 -48 0
26 16 38 0
14 -29 -22 0
-81 -100 -34 0
36 61 -9 0
-95 -88 -78 0
-75 28 -81 0
-88 -91 85 0
-71 28 -45 0
21 -45 94 0
57 -24 -90 0
31 -63 10 0
98 72 16 0
41 1 84 0
75 -4 45 0
-88 -76 59 0
