c instance by G2
c solution = 1110111111101011000111110100100111101001111011001100010101110010100110010111111110101001000111011100
c Known solution cost is 3149 
p cnf 100 100
w 12 33 6 23 86 80 46 77 55 30 73 39 28 6 18 39 6 7 1 78 21 95 67 58 73 73 80 97 51 51 47 74 7 1 99 20 49 94 88 94 49 11 39 7 66 75 31 27 27 46 5 74 28 70 51 99 77 20 50 15 19 81 14 37 22 74 7 73 99 76 97 77 28 33 51 6 59 75 5 92 97 5 8 74 82 41 38 94 87 65 40 78 23 90 16 55 11 88 42 70
61 60 28 0
89 13 25 0
-20 81 95 0
-40 -13 96 0
-33 -16 15 0
67 -33 -64 0
30 -25 64 0
-57 -74 -35 0
31 -13 43 0
-47 12 52 0
-62 71 95 0
95 17 -27 0
-39 -83 -97 0
-80 3 -20 0
-29 41 -1 0
78 87 -40 0
-76 72 -60 0
39 55 69 0
89 5 18 0
7 19 -50 0
-32 45 89 0
-66 -20 -41 0
17 -46 32 0
-40 83 90 0
-33 -79 -99 0
36 26 -1 0
-61 -58 -43 0
-65 27 42 0
-93 -24 75 0
47 -31 -26 0
-100 64 -6 0
100 53 -73 0
-95 -2 -93 0
40 73 27 0
4 -24 9 0
6 73 51 0
-79 30 -91 0
94 70 -6 0
66 -36 -68 0
-58 12 2 0
-44 -24 28 0
-84 28 25 0
22 -11 -77 0
-6 38 -86 0
-10 4 46 0
-97 98 -93 0
71 1 -65 0
-50 16 -98 0
-24 12 68 0
-48 64 -33 0
99 66 56 0
35 28 51 0
-15 -55 -23 0
-93 82 76 0
52 20 -43 0
65 -23 100 0
-68 48 24 0
-50 18 -12 0
-18 -37 -22 0
-50 -2 80 0
-63 -34 37 0
34 95 -79 0
-2 -58 -17 0
11 -16 -76 0
-76 97 -24 0
-80 -68 63 0
-79 -19 25 0
99 85 51 0
74 -97 -20 0
-70 -59 -77 0
-41 33 -93 0
-67 4 64 0
-45 57 23 0
18 90 -30 0
28 89 -14 0
-82 -33 -92 0
-58 88 70 0
50 -54 25 0
-52 36 71 0
-28 -98 -80 0
77 14 -9 0
100 28 49 0
93 -72 -83 0
-71 57 -7 0
64 -51 -60 0
47 -75 -53 0
70 92 61 0
-3 -26 21 0
-2 -38 -35 0
79 51 -5 0
-88 71 29 0
28 -90 -69 0
-37 -87 53 0
44 -4 -33 0
-20 10 -22 0
-49 47 54 0
59 17 -3 0
8 100 -3 0
-94 -13 -89 0
-60 30 58 0
