c instance by G2
c solution = 0010100101110111110110011000000001101010111000101010001110101101000101111011000010001011001010000001
c Known solution cost is 1934 
p cnf 100 100
w 10 22 33 20 75 87 90 21 17 21 18 88 73 17 94 45 3 18 23 20 31 34 65 7 60 5 4 89 15 76 23 76 22 36 11 61 97 14 94 93 16 21 5 14 80 84 89 84 49 69 23 98 42 81 95 12 54 29 17 9 31 44 21 34 18 55 50 33 21 5 61 49 68 4 37 70 99 20 10 19 94 50 80 9 6 12 80 57 28 17 6 57 52 91 30 40 82 93 62 37
58 75 -100 0
-24 -50 89 0
36 86 -77 0
-7 -62 79 0
-54 9 -70 0
-61 19 -23 0
13 12 9 0
89 23 49 0
-52 -41 69 0
-61 -49 41 0
74 62 98 0
29 -43 59 0
-45 28 -14 0
24 -21 33 0
21 -24 23 0
2 -70 87 0
-89 92 78 0
91 23 -20 0
19 -92 -14 0
-100 34 -39 0
58 38 -48 0
-16 70 -56 0
48 15 50 0
-56 90 88 0
94 -20 55 0
-63 -5 58 0
40 32 -1 0
72 -5 54 0
54 -16 -4 0
74 -87 10 0
28 -82 -71 0
81 -62 23 0
-88 -21 71 0
-51 56 63 0
89 -59 16 0
-8 18 36 0
77 39 29 0
-49 -51 -40 0
14 -20 83 0
99 -28 -10 0
-16 100 84 0
54 -69 67 0
-44 27 22 0
-91 2 47 0
-42 -98 -68 0
-22 -16 97 0
13 83 3 0
-79 -57 -72 0
-18 -32 9 0
86 -41 -31 0
9 -96 -20 0
40 43 63 0
98 86 57 0
28 20 63 0
-59 61 -88 0
-88 -86 -18 0
5 -51 -61 0
-87 -33 -100 0
45 35 -42 0
-64 -100 -30 0
-25 31 11 0
-56 73 -14 0
-49 -6 89 0
42 58 -85 0
-81 -53 -62 0
-18 -20 -84 0
-3 65 -46 0
90 -99 9 0
69 -2 -91 0
7 -83 48 0
31 -73 25 0
8 98 9 0
-95 46 -39 0
-73 -19 77 0
22 -58 -34 0
26 37 23 0
84 -62 -80 0
-37 65 -94 0
-5 58 -13 0
98 -3 -97 0
64 77 83 0
-8 -78 -17 0
94 -36 -14 0
46 -38 -51 0
85 -47 84 0
-26 46 -73 0
6 -65 -81 0
86 -67 -68 0
-66 4 89 0
-11 50 93 0
-81 17 99 0
-27 -100 -59 0
76 -12 -59 0
-9 -35 66 0
-70 51 -68 0
-8 1 68 0
46 -74 89 0
-60 -18 -55 0
-8 -90 -10 0
-47 -76 -29 0
