c instance by G2
c solution = 0110110101011110001001010101010111110001010110101010111000110000100011100101100100011010001000010100
c Known solution cost is 2352 
p cnf 100 100
w 85 53 48 76 88 91 18 10 93 90 38 100 5 58 24 34 82 94 100 13 37 8 62 5 45 14 4 42 19 46 11 45 41 21 78 84 28 44 39 60 6 6 10 70 57 16 48 17 97 78 3 91 43 63 96 95 84 79 35 81 68 35 85 91 21 68 45 32 20 71 70 33 53 80 56 41 41 39 57 93 36 17 18 13 2 73 44 62 61 79 16 15 57 30 83 32 90 98 53 65
82 -32 10 0
56 99 34 0
-77 -71 -48 0
-41 88 -71 0
32 82 -14 0
-19 -69 -43 0
24 16 31 0
-40 74 -30 0
88 7 51 0
31 30 -76 0
-56 -53 -14 0
84 -47 -14 0
-13 -75 99 0
-13 17 70 0
-30 91 99 0
-64 92 39 0
63 -6 60 0
92 -79 -22 0
78 72 -58 0
96 -44 4 0
-63 -60 -76 0
7 85 18 0
-17 -84 43 0
-96 -2 -16 0
67 58 69 0
-2 83 -81 0
53 -85 -59 0
57 -30 42 0
-37 18 -51 0
54 95 21 0
-28 7 -94 0
35 38 58 0
-42 -72 -24 0
-29 -87 -10 0
2 61 -85 0
67 17 -66 0
-40 100 -25 0
-28 44 -13 0
57 19 17 0
20 59 -91 0
5 11 17 0
64 40 41 0
-77 -74 98 0
-4 16 9 0
-49 -7 100 0
-49 93 15 0
92 63 87 0
-45 55 -69 0
46 -97 83 0
94 -50 -24 0
-73 -70 99 0
97 -44 22 0
-87 -62 18 0
21 3 20 0
99 6 -70 0
-15 -20 50 0
-5 45 -28 0
-53 -89 -42 0
-1 -5 -54 0
-47 -21 -3 0
89 65 -77 0
-86 89 -49 0
-67 75 99 0
-10 43 -82 0
-90 37 29 0
58 14 20 0
-35 -49 12 0
-15 -87 -9 0
41 17 -39 0
-11 -74 39 0
-53 -19 -38 0
-85 -68 18 0
36 -2 62 0
-23 75 -53 0
8 50 -60 0
58 -30 76 0
-76 -19 71 0
-49 -14 28 0
48 33 -10 0
-33 83 -61 0
-88 57 -70 0
37 26 -45 0
18 -52 -34 0
37 62 80 0
-83 1 67 0
25 -5 -18 0
49 50 89 0
95 73 -93 0
-35 -13 -46 0
-57 86 -14 0
13 -45 25 0
47 50 79 0
-30 -31 78 0
58 -78 -77 0
-100 -8 -85 0
82 77 -12 0
-26 -92 48 0
-10 -55 -27 0
100 -99 -80 0
9 -84 -95 0
