c instance by G2
c solution = 1001101001101000100010100000011001011101010110111001100110011101111011110000001111110100010111011000
c Known solution cost is 2761 
p cnf 100 100
w 29 96 94 75 72 2 78 91 90 23 68 3 11 68 10 52 4 14 60 82 10 46 33 84 68 71 85 78 18 33 92 99 63 93 15 88 26 59 53 88 38 11 79 19 20 100 42 75 41 48 81 80 93 48 57 14 63 100 91 49 3 51 14 83 47 30 75 11 65 77 47 68 93 79 26 24 89 83 93 12 66 28 50 90 96 55 17 59 81 54 40 87 94 65 23 85 47 50 27 31
-54 -97 -40 0
-25 -42 -62 0
68 -86 -41 0
78 47 -66 0
22 97 3 0
8 51 -43 0
96 -53 -56 0
91 -76 -4 0
-81 16 -28 0
28 33 -77 0
-94 -44 21 0
20 9 69 0
-45 71 -48 0
70 43 -94 0
-90 -15 46 0
51 98 -85 0
-72 -89 -64 0
-64 52 54 0
100 26 -91 0
85 -51 54 0
-18 85 9 0
46 -81 57 0
41 -23 38 0
-88 -1 -69 0
98 -61 -27 0
88 40 -11 0
-69 3 53 0
91 -58 39 0
-37 -90 84 0
-44 -99 76 0
-32 -44 -52 0
-78 25 9 0
-67 92 -53 0
61 -83 -13 0
-90 94 -93 0
44 -5 -17 0
62 -48 78 0
13 -82 -40 0
75 -72 -33 0
-46 -84 -45 0
42 -79 29 0
43 1 -96 0
25 -80 -26 0
-19 -71 32 0
35 14 -2 0
3 -83 79 0
-56 -80 23 0
-12 6 -11 0
-59 78 -34 0
-35 -13 -62 0
-30 3 66 0
28 90 -34 0
-82 68 7 0
-5 10 -94 0
89 36 -53 0
-29 100 20 0
58 -74 -38 0
-70 -73 6 0
20 31 -64 0
-79 65 25 0
30 -49 -38 0
-13 -39 28 0
88 89 -98 0
-57 81 19 0
-34 24 -95 0
72 -47 -42 0
60 -64 41 0
-20 -70 89 0
-90 -42 -75 0
83 -38 -11 0
39 48 19 0
100 74 -24 0
3 55 -22 0
28 45 24 0
89 -90 49 0
22 17 -11 0
-14 -93 -49 0
80 35 74 0
26 -87 88 0
29 11 -31 0
28 -21 -8 0
37 8 41 0
43 67 -65 0
-1 91 56 0
76 4 -65 0
26 -84 -55 0
-49 34 -64 0
64 50 39 0
82 77 -56 0
28 -36 -63 0
-64 -50 32 0
-61 18 86 0
5 -17 -67 0
-9 -86 -45 0
-90 50 -68 0
-6 -44 -11 0
50 -83 -100 0
-86 74 93 0
-3 28 100 0
-61 -16 -56 0
