c instance by G2
c solution = 0000100000111110100000001100100000001101111000100100000100000001101111101101111101001001000110001110
c Known solution cost is 1945 
p cnf 100 100
w 84 21 19 9 24 38 4 84 53 14 10 10 91 15 58 41 77 37 69 97 61 33 6 51 71 88 80 78 70 35 59 19 95 100 77 42 37 61 22 42 30 20 80 65 25 61 48 94 45 19 24 17 68 12 32 32 79 49 96 16 61 73 81 26 9 68 17 90 22 47 75 73 12 94 18 80 88 36 62 90 43 43 48 68 39 31 70 79 62 95 86 33 25 60 89 46 15 53 27 13
4 15 62 0
84 27 -58 0
95 -91 86 0
-46 86 -13 0
-25 5 86 0
-77 30 98 0
-76 49 -7 0
-69 -6 36 0
-9 31 94 0
54 13 -17 0
-83 89 94 0
-60 -14 1 0
-31 62 23 0
-65 -41 -34 0
19 -99 76 0
49 14 94 0
-5 25 -80 0
-73 53 -18 0
22 -35 75 0
58 -13 -84 0
32 -30 90 0
61 77 -37 0
48 30 43 0
28 95 -81 0
32 70 -93 0
10 26 75 0
53 92 -93 0
40 44 27 0
11 83 24 0
36 -29 -75 0
-37 -24 9 0
-16 -14 -97 0
-85 -63 94 0
23 68 58 0
-96 34 -82 0
-19 -85 66 0
84 32 -66 0
53 -21 -13 0
22 -1 -17 0
94 -4 63 0
-90 -5 -79 0
-23 -56 94 0
10 -53 -78 0
9 67 33 0
-69 54 -20 0
-54 -99 -29 0
-45 1 84 0
75 88 62 0
73 61 28 0
12 -15 31 0
-49 -25 53 0
46 19 -59 0
-43 -68 -28 0
-17 -89 84 0
47 -56 10 0
-69 -87 36 0
1 -86 -77 0
95 50 55 0
66 -44 86 0
1 -100 -71 0
-37 -10 81 0
-2 23 18 0
-64 -99 -72 0
-73 64 48 0
99 81 -37 0
29 20 7 0
-73 -33 32 0
-93 90 78 0
23 -48 45 0
-39 -37 2 0
-85 -61 -17 0
86 24 -3 0
-67 71 96 0
81 61 -27 0
51 -47 -57 0
62 -36 61 0
-70 -29 93 0
66 -42 -32 0
63 74 -12 0
65 46 33 0
-42 17 86 0
79 72 53 0
-70 37 96 0
52 -5 -22 0
97 91 -68 0
-62 -99 -56 0
-94 -25 -85 0
-95 51 6 0
-77 -11 42 0
66 41 -50 0
62 85 -5 0
-14 -55 -5 0
-64 56 1 0
-42 75 69 0
53 82 7 0
-29 21 38 0
-51 22 94 0
-52 -98 3 0
39 80 89 0
-8 20 28 0
