c instance by G2
c solution = 0101100100100101011010011111011011110101011110100011000101110100011100111101000010010100010100001000
c Known solution cost is 2399 
p cnf 100 150
w 3 39 53 41 9 9 84 60 49 57 28 34 100 92 70 35 15 12 50 27 81 76 39 35 83 9 62 4 50 36 72 53 23 75 89 54 85 42 46 2 3 99 94 61 76 38 17 26 33 32 48 33 55 33 54 59 12 48 14 26 21 92 60 23 27 62 71 35 32 91 64 7 67 6 66 76 32 88 62 30 80 24 58 67 28 4 2 73 48 93 10 5 68 20 90 14 62 99 55 51
-21 58 54 0
-42 56 80 0
82 17 16 0
-11 -86 -93 0
23 -14 59 0
-92 84 -14 0
-11 82 -37 0
-87 91 75 0
-49 82 80 0
-54 -27 13 0
-100 37 -38 0
64 -82 -4 0
88 95 30 0
-18 -24 -88 0
18 80 87 0
-95 93 9 0
36 -56 28 0
-62 -38 72 0
-19 -94 -33 0
-27 34 -65 0
62 25 -73 0
-9 -1 -36 0
-6 -48 -20 0
-11 83 -46 0
77 -87 -90 0
-9 -56 59 0
-86 14 -31 0
57 -55 13 0
65 -31 36 0
91 12 43 0
-30 17 71 0
82 54 -85 0
40 95 -75 0
-99 -68 -59 0
-76 -65 77 0
24 -38 -15 0
-59 44 -8 0
91 -41 -71 0
-95 81 87 0
97 61 15 0
46 87 86 0
-42 69 -3 0
45 -37 -68 0
-58 -49 -28 0
-74 66 79 0
-43 47 -23 0
-6 -44 -52 0
22 -73 28 0
-97 100 -57 0
30 93 -96 0
-67 63 74 0
20 11 -38 0
4 -58 -62 0
47 79 15 0
27 87 -73 0
31 93 -30 0
-19 -80 83 0
-75 -73 41 0
-11 -86 14 0
-96 -31 84 0
40 -96 42 0
-67 62 -42 0
-35 -83 95 0
-71 96 -89 0
-11 -79 91 0
99 -10 -2 0
-1 41 -86 0
94 23 -13 0
-22 82 -51 0
91 -61 -56 0
-52 74 51 0
-74 75 52 0
-99 -41 -56 0
15 45 -67 0
-87 -42 35 0
85 -29 1 0
86 12 -97 0
33 41 -26 0
-21 77 -17 0
76 10 37 0
-74 -66 -32 0
58 7 77 0
81 99 -1 0
35 -45 -72 0
-51 -80 61 0
-98 39 -76 0
80 -12 100 0
-66 -4 59 0
95 17 -70 0
-27 24 89 0
-31 -82 13 0
-52 80 -78 0
25 -92 -18 0
-91 89 78 0
23 -100 -60 0
-79 46 -63 0
73 -31 -42 0
-86 -9 -11 0
70 -50 -43 0
51 75 -16 0
-47 90 -25 0
-75 -88 34 0
85 -18 8 0
-68 -77 -97 0
36 7 -80 0
-23 -11 48 0
13 -69 -71 0
68 -6 -2 0
-53 39 100 0
37 96 19 0
57 -25 38 0
68 -38 -72 0
-37 -46 85 0
-67 -17 1 0
-45 34 54 0
20 34 -28 0
-16 -64 -8 0
78 18 11 0
24 -65 80 0
81 -4 32 0
-93 -16 -90 0
-2 92 47 0
23 67 80 0
77 17 42 0
80 -8 -96 0
69 -1 -50 0
-26 -40 -7 0
-25 -48 87 0
-78 -11 47 0
37 41 21 0
-60 -39 75 0
-60 67 -28 0
64 -20 -8 0
84 -28 -71 0
-88 77 -51 0
3 78 -23 0
-15 -2 6 0
60 88 57 0
-25 31 1 0
22 -94 13 0
-30 -63 -45 0
-60 5 77 0
-46 -99 95 0
2 -16 10 0
79 -51 40 0
-83 13 30 0
95 26 -45 0
80 92 -90 0
-37 8 35 0
93 73 2 0
