c instance by G2
c solution = 1010010110001101110000010110111100110101010101000100001110011101111101000001110110010111001000001100
c Known solution cost is 2396 
p cnf 100 150
w 25 21 98 43 54 59 86 98 29 35 30 98 39 61 99 61 82 49 92 67 23 93 72 22 74 82 57 96 43 41 1 7 7 41 19 74 20 20 65 81 91 48 28 13 56 28 34 62 13 71 92 37 43 25 40 15 19 61 30 80 56 71 89 79 48 93 38 83 22 3 29 47 16 25 23 31 71 62 79 14 58 35 86 50 37 42 68 4 86 11 77 54 6 55 87 100 29 57 19 82
88 97 43 0
83 40 -77 0
-17 20 80 0
96 97 85 0
85 26 -3 0
58 -63 -94 0
72 -73 74 0
51 -86 32 0
-14 -78 -90 0
66 -84 -3 0
-65 -62 17 0
-77 -65 35 0
-86 48 -19 0
97 -9 -19 0
4 56 84 0
92 65 93 0
-82 63 48 0
-49 -39 11 0
63 -92 74 0
93 -81 -45 0
-48 -76 -77 0
-12 -61 -98 0
-63 96 39 0
-40 58 13 0
-95 -26 -35 0
43 50 85 0
5 45 98 0
58 81 -46 0
-73 76 -3 0
-94 -86 -43 0
-27 6 21 0
-92 64 79 0
9 -88 -16 0
-29 -1 -47 0
-17 14 95 0
-81 -69 96 0
-58 -40 83 0
-87 -93 5 0
91 73 83 0
-61 -65 56 0
80 -95 -99 0
7 52 -53 0
86 60 -71 0
-32 33 64 0
74 1 66 0
20 -10 -18 0
-76 24 -14 0
93 9 98 0
-5 7 -100 0
-54 82 -16 0
66 -82 27 0
75 37 -89 0
-45 -54 25 0
-9 -33 39 0
-77 -25 -13 0
25 31 5 0
45 -2 -85 0
47 95 56 0
75 -61 -51 0
-31 -99 15 0
-20 -16 -2 0
-63 56 -35 0
34 51 67 0
-60 -41 -17 0
-79 48 -60 0
95 -6 68 0
8 -60 -66 0
98 96 56 0
96 87 -1 0
-28 -87 34 0
-50 70 75 0
-4 74 -26 0
-43 25 -97 0
-38 27 89 0
-2 -76 63 0
-56 26 21 0
-3 57 -64 0
-10 -84 12 0
42 79 58 0
16 23 53 0
72 17 85 0
52 -49 12 0
-40 -75 24 0
-61 -23 79 0
-85 59 4 0
-72 -38 -70 0
34 49 1 0
-76 21 -99 0
-64 -59 94 0
-15 2 94 0
-31 -62 -5 0
-80 38 21 0
-35 51 -39 0
-17 54 97 0
-36 -29 30 0
23 84 -7 0
-60 86 4 0
21 37 60 0
73 -37 47 0
-71 -88 28 0
-16 -78 -75 0
47 46 -53 0
-50 -96 -16 0
-55 -7 89 0
-34 72 43 0
-33 -56 1 0
73 79 -83 0
-8 -52 93 0
-46 -21 -29 0
-33 -30 -44 0
-27 7 55 0
-26 -42 98 0
53 3 75 0
-91 7 -74 0
62 43 95 0
6 -81 -75 0
96 59 -100 0
-98 -25 74 0
21 85 3 0
23 58 -51 0
44 -1 75 0
88 -66 92 0
-2 -95 -91 0
56 10 -60 0
82 83 36 0
17 25 -69 0
-64 -58 62 0
9 77 -86 0
-44 -20 15 0
63 96 -11 0
-78 -13 -22 0
-94 -77 -84 0
-97 -3 38 0
78 -80 -91 0
74 29 -17 0
-29 46 79 0
65 -66 -34 0
-76 71 -23 0
-63 -11 -86 0
56 99 -89 0
-74 -37 99 0
87 58 -56 0
24 59 40 0
-3 61 -88 0
76 -8 43 0
58 7 -43 0
5 -17 18 0
32 -23 17 0
-29 -17 77 0
22 84 53 0
