c instance by G2
c solution = 0100001011001100010111111101100100010111111000111010111000000010000000100101101011100011010010100010
c Known solution cost is 2374 
p cnf 100 150
w 40 28 84 92 10 22 6 80 77 51 88 26 38 36 72 51 27 43 55 77 12 46 23 37 67 88 10 83 60 97 60 24 31 81 50 6 85 25 15 99 5 43 67 1 80 61 56 16 96 41 11 8 88 80 23 33 67 69 24 9 24 80 58 27 66 26 45 12 41 10 99 86 75 68 27 41 98 51 90 6 31 36 54 64 91 80 67 87 10 77 8 74 91 28 6 93 39 75 45 45
-57 72 -99 0
33 -2 39 0
47 95 90 0
8 -73 86 0
-76 85 -37 0
-91 4 97 0
5 -11 97 0
92 -76 -94 0
74 -64 -51 0
-65 -63 -7 0
-68 -3 -71 0
-51 85 -97 0
-38 90 78 0
-74 12 38 0
-63 -79 77 0
69 -98 56 0
-14 56 99 0
-62 -67 -24 0
26 97 -51 0
43 -16 -80 0
16 -41 -100 0
27 93 34 0
-24 -23 -66 0
48 88 5 0
-52 -7 -9 0
-96 -79 11 0
-93 75 -17 0
78 31 7 0
-40 -72 -32 0
-63 -43 9 0
33 -15 -88 0
-16 71 32 0
-64 -20 60 0
-45 84 -32 0
74 -1 -60 0
-46 11 73 0
38 40 -34 0
-25 -30 62 0
15 -85 -18 0
-76 -42 -78 0
45 -53 -59 0
-62 -42 52 0
14 -40 56 0
39 -79 -33 0
-90 -30 14 0
-2 13 85 0
-56 35 4 0
-52 32 86 0
32 1 -24 0
-55 -80 -41 0
32 -49 -95 0
-76 43 67 0
-10 -99 48 0
-67 1 -90 0
-83 100 -6 0
95 -16 -5 0
41 78 -87 0
76 -80 -54 0
71 12 50 0
-88 50 20 0
8 10 37 0
79 10 -42 0
85 -57 -2 0
-25 -86 91 0
-23 -76 -5 0
15 -53 -89 0
-20 74 -23 0
79 -42 12 0
24 -63 -26 0
-12 14 -51 0
-34 3 -39 0
28 19 -20 0
78 98 81 0
-36 20 26 0
-32 96 -70 0
66 -74 88 0
-52 29 -50 0
-76 -77 -84 0
41 -80 -13 0
-93 9 82 0
-24 -31 -25 0
52 -8 35 0
-58 30 89 0
3 83 100 0
-2 11 95 0
-35 5 84 0
66 -100 65 0
-76 -47 22 0
-23 42 -21 0
29 -21 12 0
50 -23 63 0
-87 59 -52 0
-46 -9 33 0
-77 -60 3 0
30 -70 -68 0
13 -2 -44 0
-74 73 -75 0
59 5 -50 0
-69 -41 -82 0
-22 25 33 0
-68 21 -60 0
-49 -77 47 0
34 95 27 0
82 -75 23 0
80 -43 -4 0
92 -14 -61 0
-81 49 60 0
16 -27 -20 0
12 -34 -58 0
85 -29 51 0
87 82 25 0
-68 59 4 0
21 78 94 0
65 19 18 0
55 72 -18 0
8 78 53 0
11 35 25 0
-34 -47 3 0
35 82 31 0
54 -51 -42 0
71 49 -19 0
-55 16 -12 0
33 -43 23 0
-81 -14 76 0
1 22 48 0
-24 -44 -77 0
36 -56 80 0
-19 -68 -69 0
-93 33 40 0
98 -60 -91 0
-53 87 73 0
36 -29 72 0
-43 -91 -36 0
56 44 63 0
-68 -31 -91 0
85 15 38 0
-3 91 -40 0
-28 56 -16 0
-13 -19 -48 0
59 2 16 0
50 70 -92 0
46 -15 -31 0
54 -51 -96 0
24 91 74 0
-21 -89 -82 0
30 -55 -1 0
21 69 -3 0
-33 59 56 0
-7 89 -69 0
-53 89 -58 0
