c instance by G2
c solution = 1011000111000111100010000001000110011101000100110111001001100001000010110011010000101101010100110111
c Known solution cost is 2415 
p cnf 100 150
w 48 88 40 93 55 63 30 36 73 75 75 18 76 58 32 60 51 36 68 81 5 24 18 12 10 52 7 98 5 59 95 94 88 20 35 26 3 61 95 16 6 97 57 11 4 92 47 77 33 60 2 77 87 8 89 97 11 31 10 44 55 48 91 2 20 94 46 27 29 32 16 72 44 12 49 72 99 86 89 70 15 47 30 21 52 34 88 21 57 77 76 69 7 37 100 96 34 72 80 97
42 -41 -51 0
38 -52 -88 0
39 46 92 0
61 85 92 0
95 52 3 0
71 6 -98 0
41 1 66 0
-31 -89 -37 0
90 58 -82 0
28 -33 68 0
-73 29 62 0
91 59 65 0
-21 19 99 0
-97 -76 -86 0
84 -89 -59 0
-35 -100 -28 0
-64 82 -73 0
-78 22 -82 0
56 13 40 0
94 89 -70 0
19 -48 8 0
-69 -83 -19 0
-82 -100 62 0
-42 -1 5 0
-8 -59 36 0
-38 34 -97 0
-29 -88 2 0
-88 -3 92 0
96 -40 -32 0
73 -54 -10 0
49 52 31 0
85 -16 39 0
-86 -85 9 0
-95 -20 -17 0
-72 94 -81 0
-66 -16 97 0
20 34 88 0
7 4 62 0
99 35 -100 0
75 -15 -31 0
70 -11 79 0
50 -47 53 0
-16 62 -43 0
30 59 90 0
35 -39 5 0
14 -72 -15 0
12 86 5 0
65 -83 10 0
-42 -43 2 0
35 29 47 0
88 5 46 0
-1 -57 66 0
-77 -92 80 0
50 67 -15 0
-99 46 95 0
22 -14 21 0
-82 17 40 0
19 100 35 0
25 -94 -15 0
-13 24 18 0
-9 -64 -67 0
11 37 14 0
60 -7 56 0
76 4 39 0
48 -91 -78 0
-92 98 36 0
-91 -95 -90 0
67 -95 -13 0
-57 79 93 0
-24 -76 74 0
37 -72 6 0
21 100 -1 0
-9 -77 -32 0
-11 -35 -4 0
-71 16 -96 0
88 20 14 0
10 -50 -36 0
15 -14 94 0
-93 46 19 0
81 98 82 0
44 -32 81 0
-36 -48 -84 0
59 -33 60 0
-74 -26 40 0
-2 89 -37 0
-10 83 79 0
-30 -32 -48 0
-64 -27 -98 0
90 -10 89 0
-14 -93 61 0
-96 97 -63 0
87 39 -46 0
-24 35 7 0
-87 12 94 0
-45 -4 66 0
85 51 -5 0
-58 -9 32 0
-9 -62 -17 0
63 51 -48 0
-21 29 -89 0
78 6 45 0
-24 41 -94 0
79 81 -56 0
-62 -28 83 0
-60 73 2 0
-53 -9 24 0
-62 81 -33 0
17 62 -44 0
-12 -64 -32 0
-61 29 7 0
94 76 -11 0
-14 55 12 0
-16 24 -26 0
-79 70 11 0
-92 -22 94 0
-98 33 -55 0
58 94 81 0
45 51 -29 0
-41 77 -1 0
-28 23 -49 0
87 -5 34 0
13 84 -34 0
84 72 -10 0
59 -45 -32 0
46 64 -58 0
-80 98 -48 0
-80 -88 -16 0
-47 -6 -95 0
-3 48 -16 0
-18 -50 73 0
-15 -19 -97 0
65 87 69 0
-79 -69 -60 0
100 -87 76 0
97 -25 -64 0
-75 -68 -21 0
76 27 -88 0
1 76 38 0
-83 -17 -65 0
55 31 -62 0
-99 100 -58 0
97 -98 -23 0
-71 -91 31 0
75 56 -100 0
3 -76 70 0
-31 24 -50 0
90 -60 -74 0
66 -31 80 0
-74 56 42 0
-67 -48 -76 0
