c instance by G2
c solution = 1110100000010000010100011010011101101001000100101111011010011110011101011110111001111010000011101101
c Known solution cost is 2767 
p cnf 100 150
w 86 26 5 78 90 63 59 91 30 31 74 69 45 78 57 94 67 87 58 47 52 98 65 32 78 64 34 19 77 41 26 17 50 19 100 43 48 4 46 91 36 100 9 74 15 91 98 92 86 93 89 16 40 64 31 18 78 32 41 49 27 28 94 13 49 17 77 26 42 58 63 43 18 44 92 49 48 20 10 94 46 87 21 40 1 5 39 23 85 83 61 40 26 79 74 14 66 81 6 77
16 -73 -42 0
-32 -90 -51 0
74 -41 -97 0
-82 97 -18 0
-51 -61 -14 0
61 96 -52 0
-73 93 -25 0
-36 80 90 0
56 3 29 0
42 50 85 0
62 -30 -12 0
88 -97 67 0
-13 53 -32 0
-41 63 -2 0
-44 -24 57 0
25 91 21 0
92 46 74 0
39 53 54 0
-32 70 8 0
1 91 -62 0
-93 -4 25 0
-15 -50 -68 0
-37 64 12 0
42 33 -99 0
26 -83 -76 0
-53 44 59 0
-24 55 -44 0
-32 -31 -64 0
37 42 58 0
17 -2 -91 0
46 23 -48 0
-1 51 -5 0
82 -30 -24 0
22 83 -2 0
26 19 32 0
-84 -65 -44 0
-10 -35 88 0
14 18 -54 0
44 60 10 0
-97 -29 -74 0
84 -62 -55 0
-85 -23 -2 0
-57 -88 -73 0
35 89 69 0
31 16 81 0
91 75 56 0
-81 -78 -12 0
15 11 -58 0
-5 2 99 0
31 67 17 0
-34 -16 33 0
89 -12 49 0
80 74 25 0
-30 95 -40 0
25 -57 55 0
26 -76 -95 0
-40 -89 -62 0
-69 -72 -78 0
-52 -13 -62 0
-83 71 -46 0
73 -94 27 0
63 42 -22 0
48 -76 69 0
-43 -44 -100 0
-30 96 -17 0
16 -81 41 0
78 31 21 0
94 90 -97 0
14 57 70 0
-22 83 -59 0
-53 65 7 0
28 -12 -6 0
-49 23 -7 0
2 42 -91 0
-75 100 -63 0
34 11 59 0
53 5 92 0
53 13 68 0
26 54 -27 0
-33 -4 -59 0
96 -5 47 0
74 8 88 0
-41 13 -14 0
42 87 91 0
71 -95 20 0
-47 17 -11 0
21 -70 44 0
-9 64 15 0
-85 -78 75 0
-100 -85 -71 0
58 11 40 0
-1 8 -76 0
21 -66 -38 0
41 -93 -59 0
-70 79 -35 0
-84 -94 66 0
-96 43 -87 0
98 99 26 0
24 -18 -87 0
-45 14 -60 0
13 78 -54 0
-57 52 -22 0
62 -64 -41 0
51 60 -45 0
50 88 -70 0
27 69 -2 0
29 52 39 0
58 92 -39 0
90 -94 60 0
1 58 -35 0
35 -79 -45 0
39 69 100 0
15 -56 53 0
89 96 74 0
79 -35 21 0
-21 -87 6 0
-76 -88 -99 0
85 -40 -79 0
29 80 77 0
-19 100 68 0
44 -77 -74 0
-75 42 5 0
-57 -75 24 0
30 -82 33 0
29 73 -28 0
-33 -72 -57 0
-41 10 -63 0
19 11 -8 0
18 94 58 0
36 -92 -62 0
32 -4 -8 0
-80 -83 -37 0
89 -62 37 0
90 -19 -30 0
72 -94 15 0
63 69 23 0
71 -22 -73 0
-54 -86 71 0
-4 -1 96 0
-31 -28 -5 0
-63 -12 -4 0
41 -91 52 0
-97 71 52 0
-95 -87 12 0
93 -37 4 0
30 52 -92 0
-51 73 -40 0
-62 57 28 0
74 -49 42 0
-26 21 -66 0
