c instance by G2
c solution = 0010001111110000001001101001101000011000111001000010001110010111010111111010001011101111010000100100
c Known solution cost is 2266 
p cnf 100 150
w 84 1 80 35 48 3 11 59 83 2 45 71 68 58 4 80 58 62 55 81 19 11 47 18 67 68 86 51 36 36 68 15 97 25 16 76 82 80 53 38 73 67 38 60 12 3 77 1 42 87 40 3 16 73 55 6 64 14 56 97 99 47 35 56 42 30 23 11 59 13 30 17 74 68 39 96 89 11 71 25 94 33 65 8 60 3 81 32 27 51 74 9 98 76 12 61 18 66 99 37
46 27 76 0
42 77 -90 0
84 -31 -49 0
-58 37 77 0
77 -6 45 0
-94 6 -99 0
-57 41 84 0
3 17 6 0
-99 21 67 0
-25 -44 85 0
-40 74 45 0
47 5 87 0
-88 69 -43 0
-98 62 45 0
25 -69 73 0
-72 49 9 0
29 -92 -10 0
-59 -63 75 0
14 -61 47 0
-11 81 97 0
52 -24 -97 0
27 -74 65 0
99 83 -60 0
19 -43 -25 0
51 -87 -55 0
-2 30 20 0
-63 -33 84 0
-39 -83 57 0
8 -25 -12 0
-29 57 84 0
-90 56 38 0
64 4 -90 0
-9 -30 6 0
74 -73 -34 0
5 -77 -23 0
84 33 -76 0
-19 63 65 0
-79 -35 49 0
-10 6 -53 0
-28 -65 36 0
44 -94 20 0
2 36 -98 0
-21 -18 -57 0
-30 -84 16 0
96 -70 85 0
-46 -100 18 0
-100 -74 -63 0
-10 55 26 0
28 66 54 0
-66 26 -45 0
-18 16 94 0
-30 77 -85 0
89 75 -36 0
-90 35 11 0
18 47 31 0
47 -1 -40 0
-2 -36 20 0
-51 99 28 0
-17 -51 -82 0
72 59 15 0
-93 77 48 0
-55 15 70 0
-26 -68 -69 0
-88 -91 -46 0
50 17 85 0
-83 -80 -73 0
-35 26 78 0
-78 -49 7 0
73 -19 33 0
-97 91 -51 0
-27 -85 47 0
-78 -66 -3 0
29 -9 -51 0
78 72 -8 0
-28 45 -54 0
-3 -38 -87 0
-71 12 53 0
-65 68 23 0
67 -47 -57 0
52 90 45 0
-5 80 18 0
-87 60 92 0
-2 -59 39 0
27 57 47 0
27 3 -8 0
-10 -44 2 0
76 20 -50 0
14 -58 46 0
-84 74 -25 0
44 30 79 0
32 -46 -48 0
12 -43 -14 0
16 -92 -57 0
-1 83 -84 0
71 92 54 0
14 24 -32 0
-49 -63 -12 0
82 -55 -53 0
84 -79 -13 0
-11 -70 -67 0
42 -38 69 0
-21 -98 -36 0
34 6 -58 0
-14 26 76 0
77 22 -76 0
98 28 -68 0
-37 43 89 0
-98 26 11 0
99 86 -29 0
15 1 66 0
-13 -37 58 0
22 -60 16 0
86 -71 -72 0
-25 -77 -31 0
-8 -24 -64 0
59 -16 -75 0
3 -91 -26 0
95 -64 -7 0
93 27 -18 0
-94 31 -85 0
1 -52 -19 0
98 54 79 0
60 -68 92 0
-51 -4 48 0
-83 81 72 0
-89 59 61 0
-33 24 -16 0
96 -28 -59 0
-39 59 -29 0
-77 30 6 0
-90 92 -1 0
82 35 26 0
76 -20 33 0
33 39 12 0
84 88 74 0
73 -27 -29 0
-11 34 98 0
86 15 -85 0
68 100 84 0
73 -64 -47 0
65 96 10 0
67 37 2 0
-25 23 -98 0
-34 -81 65 0
-25 -65 58 0
49 -96 -9 0
14 2 -48 0
47 -64 25 0
7 93 78 0
-15 -72 -22 0
