c instance by G2
c solution = 1100011000100110101101101001101111000111100010101001010000100100011010100101011100101101001001100000
c Known solution cost is 2376 
p cnf 100 150
w 59 65 100 1 51 33 52 41 30 43 36 20 81 75 52 47 2 23 81 93 10 67 49 68 36 75 100 2 52 12 47 90 67 15 90 34 22 86 7 16 71 29 24 58 76 81 73 62 92 25 29 38 92 40 46 94 63 34 32 98 80 75 36 20 2 38 47 18 35 28 73 49 34 19 33 39 10 95 4 47 64 93 88 29 41 82 85 40 41 1 52 38 33 68 29 18 44 71 14 29
16 -72 -25 0
18 84 32 0
-16 93 37 0
-4 96 82 0
1 -7 93 0
62 -88 4 0
60 -51 -78 0
24 -55 72 0
-88 -92 98 0
-91 67 -17 0
47 71 -16 0
51 54 42 0
50 29 -8 0
-17 -13 -41 0
30 -2 41 0
-84 73 75 0
8 60 41 0
-80 -47 85 0
-52 96 -70 0
-94 23 -71 0
-88 -58 -3 0
35 -85 79 0
-27 88 73 0
30 -91 76 0
-59 53 -65 0
-1 65 71 0
-75 -19 -33 0
-12 73 -61 0
77 -91 -9 0
45 78 77 0
14 -84 -17 0
-97 8 -14 0
-19 -29 -10 0
-34 45 4 0
-54 67 -25 0
83 82 8 0
-2 49 58 0
-6 65 -90 0
-63 -23 68 0
21 -37 -41 0
24 -61 15 0
-17 -99 -86 0
20 84 56 0
-61 96 35 0
-94 45 36 0
-60 9 61 0
-24 -86 -7 0
-33 -58 13 0
-56 92 98 0
6 46 -80 0
-20 -36 -80 0
92 -28 -44 0
4 74 -99 0
-32 -17 74 0
-96 15 12 0
31 -79 82 0
32 57 59 0
68 -30 12 0
55 59 -29 0
-81 72 50 0
-23 -96 -49 0
-19 10 -93 0
-26 -34 -95 0
-31 74 61 0
10 88 -94 0
65 50 69 0
10 89 -43 0
64 1 84 0
65 79 89 0
58 -13 5 0
-25 -5 12 0
44 -15 69 0
33 56 87 0
-53 16 -94 0
51 -90 -17 0
89 -54 40 0
-78 -47 91 0
-86 -62 -35 0
27 88 82 0
28 -39 -2 0
51 47 -69 0
-96 23 52 0
-12 90 -32 0
83 -94 44 0
-67 99 -98 0
-17 -18 84 0
-11 -67 2 0
19 -69 -28 0
78 36 42 0
10 -31 94 0
-82 9 -11 0
73 -27 -28 0
-66 -34 14 0
-62 -63 73 0
-55 22 83 0
-73 10 26 0
43 73 11 0
70 -2 -48 0
-45 -93 -21 0
70 -69 15 0
-35 -1 17 0
59 18 98 0
-47 91 15 0
-90 12 38 0
-31 7 79 0
-8 -79 -91 0
52 -11 -54 0
84 -89 -22 0
89 99 -68 0
-79 -76 -77 0
-57 27 65 0
-29 66 -17 0
95 -76 -19 0
15 98 -73 0
-25 45 58 0
-66 85 -33 0
-5 57 -59 0
-25 -64 -95 0
63 38 90 0
60 -79 86 0
-25 22 12 0
-2 53 29 0
-88 -96 -70 0
34 55 46 0
-94 51 -21 0
82 36 83 0
-64 67 -97 0
17 -41 96 0
32 82 17 0
52 33 -65 0
-78 -46 -39 0
-79 39 -32 0
26 78 57 0
-73 10 -25 0
48 -50 -40 0
-19 -3 21 0
57 87 25 0
-31 -55 -4 0
-27 -42 -95 0
-80 50 -100 0
-15 -7 22 0
46 -51 92 0
-9 16 -47 0
77 -2 -44 0
26 18 -42 0
-81 73 93 0
80 98 48 0
-87 -31 -7 0
-80 69 43 0
-19 7 81 0
