c instance by G2
c solution = 1110101101011101000010100101010001100010010101011100110010100010111001110110011110001111011011110101
c Known solution cost is 2946 
p cnf 100 150
w 32 9 43 56 39 66 69 27 1 18 80 61 17 77 85 16 51 39 4 91 72 12 95 21 95 46 74 79 35 63 2 92 64 41 25 93 34 27 89 92 41 100 14 1 42 80 21 24 5 99 96 82 18 93 40 24 11 11 64 15 5 75 89 83 29 48 46 26 38 73 39 90 97 90 65 70 21 11 82 34 25 10 31 94 94 9 84 59 73 97 60 46 56 70 49 63 82 75 95 96
23 68 89 0
27 18 -89 0
-13 -68 -23 0
94 84 43 0
53 97 84 0
-53 -56 -1 0
-36 -17 91 0
-53 26 99 0
-43 -28 -2 0
59 29 -57 0
-67 -62 -7 0
-85 -22 -67 0
8 28 83 0
-48 57 -77 0
-79 27 -33 0
-86 -93 -77 0
33 -10 -32 0
-2 -72 -22 0
11 9 -17 0
-54 -64 7 0
34 -65 17 0
-61 -28 -35 0
-89 94 64 0
-85 22 -55 0
95 -5 -57 0
-39 -27 -5 0
-73 62 -37 0
100 58 -35 0
98 22 61 0
-100 -55 -7 0
24 -21 23 0
90 -1 76 0
54 27 62 0
-6 -14 -12 0
-7 -4 -49 0
-38 89 43 0
-23 57 -86 0
30 -2 92 0
-80 21 -65 0
31 -95 85 0
35 -79 47 0
-36 92 -93 0
-68 -74 -41 0
2 90 59 0
50 -48 -5 0
78 89 25 0
-65 -88 -76 0
68 -60 -7 0
100 2 58 0
-98 -12 75 0
-95 -20 -63 0
-81 -40 -77 0
43 -70 91 0
1 6 -90 0
-23 -33 -28 0
-44 -64 17 0
-100 -83 6 0
33 98 -20 0
-93 5 -79 0
43 80 -21 0
-95 -23 14 0
-30 59 -53 0
93 13 -33 0
-78 -18 -26 0
-29 38 -95 0
-100 27 3 0
92 -59 2 0
-51 -86 69 0
82 66 -80 0
-1 -65 -45 0
50 80 59 0
-39 88 94 0
-13 -54 39 0
-11 19 -54 0
19 49 -44 0
32 63 -50 0
97 100 27 0
64 47 -52 0
-37 97 40 0
-71 6 8 0
-25 -8 -93 0
-95 42 63 0
-63 -7 70 0
-76 79 -58 0
38 -84 -3 0
26 40 60 0
-73 -70 22 0
-91 -38 -16 0
64 -97 -2 0
15 -37 -16 0
-24 84 22 0
-64 56 -99 0
-72 -8 79 0
-1 74 -14 0
20 24 -82 0
29 93 88 0
-22 10 37 0
-85 -16 -15 0
-17 27 79 0
-93 -57 86 0
-48 82 -64 0
-7 10 -85 0
-50 28 37 0
-58 60 61 0
-9 -28 47 0
52 17 -40 0
19 62 67 0
39 -91 3 0
15 78 -5 0
-76 -59 -35 0
52 78 44 0
27 62 -99 0
-96 58 81 0
-44 -19 89 0
99 96 55 0
20 15 -92 0
21 -56 -91 0
15 2 62 0
13 60 -39 0
-88 52 44 0
-59 95 -47 0
-16 -3 30 0
-67 -31 89 0
45 -59 -43 0
-65 -66 87 0
-10 93 -78 0
-53 -15 40 0
55 20 72 0
66 -73 72 0
-10 -47 -100 0
16 41 -95 0
88 -56 -48 0
-2 18 65 0
-15 58 29 0
-39 63 27 0
-90 53 -46 0
45 -17 -26 0
-41 60 22 0
99 -93 12 0
98 28 -36 0
43 -69 -13 0
-44 -26 7 0
-63 -30 71 0
64 48 -8 0
51 46 62 0
11 6 88 0
90 -17 5 0
42 -74 45 0
57 36 19 0
42 -22 41 0
