c instance by G2
c solution = 1011101110111000111110111001010101110001001101011111010110110110011001001010111010110110010101010001
c Known solution cost is 3045 
p cnf 100 150
w 52 60 41 71 94 85 8 60 30 73 62 31 93 29 9 38 20 18 12 11 93 4 59 66 100 96 49 96 24 11 11 11 59 95 95 90 96 66 33 52 3 33 11 67 45 74 15 90 57 6 85 23 97 42 69 28 40 32 29 57 31 61 72 47 36 14 56 89 44 83 6 91 87 22 99 32 25 47 24 13 55 76 88 37 95 23 91 55 33 90 23 40 99 37 62 20 4 37 73 16
-57 -22 2 0
-2 -62 93 0
-62 -81 -95 0
7 42 55 0
-9 86 -81 0
-27 -38 33 0
34 -78 69 0
-46 60 70 0
22 -77 -16 0
-23 -32 -85 0
56 35 23 0
88 -1 48 0
-49 -70 -76 0
-50 -47 -25 0
-73 57 29 0
16 -42 39 0
6 84 97 0
9 10 -50 0
95 70 -9 0
39 -15 -32 0
31 -38 -32 0
-59 11 -32 0
32 -76 -18 0
29 77 89 0
-98 92 53 0
3 -100 -48 0
-79 -60 -39 0
73 48 70 0
-84 -82 45 0
-8 28 6 0
83 99 30 0
89 40 -79 0
62 15 51 0
40 -68 75 0
93 99 52 0
75 -59 -46 0
22 -92 -98 0
-7 -31 6 0
-33 62 18 0
-23 1 76 0
-75 -17 -95 0
25 -50 31 0
32 85 -9 0
-5 -34 12 0
44 -3 97 0
-17 89 77 0
12 -4 -32 0
67 -35 -6 0
-28 96 -56 0
-7 65 81 0
56 61 -66 0
90 6 -34 0
-87 18 38 0
88 4 -93 0
-49 -65 -81 0
-14 -19 33 0
-71 -65 14 0
-9 -67 -58 0
94 -33 44 0
-73 -17 34 0
70 -50 -78 0
-49 46 -11 0
-35 4 13 0
5 3 -82 0
14 -43 13 0
-27 26 31 0
-4 87 -44 0
34 56 -89 0
-30 48 74 0
64 80 51 0
-9 79 97 0
3 86 -85 0
-5 28 -75 0
12 -64 8 0
33 -100 -97 0
-83 71 -29 0
2 79 -57 0
-89 -84 -21 0
54 -46 58 0
-92 30 65 0
-8 17 -11 0
-21 -7 92 0
91 62 6 0
36 -7 -3 0
-52 6 4 0
50 -79 -78 0
-62 42 52 0
26 -64 -4 0
-91 -43 24 0
-28 -41 85 0
2 -68 -13 0
-67 -58 25 0
93 -69 -50 0
-56 -99 29 0
83 -78 26 0
-80 -54 14 0
82 -32 -10 0
3 93 -79 0
-44 73 31 0
-9 36 86 0
-60 -96 -15 0
-21 84 27 0
59 -96 -36 0
-67 -68 -55 0
-23 -37 93 0
-3 46 66 0
74 -53 -19 0
-84 -48 20 0
-73 59 3 0
-91 31 -44 0
96 -10 22 0
-55 58 31 0
-28 -30 21 0
82 -59 -88 0
-93 -94 -56 0
76 -23 56 0
-81 60 -24 0
-71 -20 35 0
-28 -12 100 0
-58 53 -9 0
-7 -100 78 0
88 55 94 0
-83 5 -25 0
-71 45 82 0
-17 -10 68 0
55 -34 66 0
63 -3 58 0
85 50 16 0
74 23 -94 0
52 -18 68 0
-20 63 -72 0
82 -87 -26 0
-2 -20 15 0
82 19 -62 0
-45 97 -43 0
-61 -50 89 0
89 67 -32 0
-72 -46 -78 0
57 -9 -49 0
92 40 -23 0
-50 89 24 0
71 -56 -26 0
-28 -75 43 0
78 3 40 0
-3 -17 49 0
15 -46 8 0
-21 47 -74 0
-83 -6 2 0
74 -33 -92 0
22 85 35 0
