c instance by G2
c solution = 0011001100110110001011101100001010111001000111011111010101100100101111010100111010100001010001000111
c Known solution cost is 2258 
p cnf 100 150
w 88 44 35 38 65 88 63 22 28 56 32 95 64 83 43 85 61 63 83 41 32 77 44 97 24 68 76 57 21 61 30 6 41 65 29 1 12 32 97 17 85 13 21 32 17 41 95 3 28 7 84 29 82 69 76 30 19 2 56 41 60 30 11 95 54 100 23 19 73 10 28 18 51 78 16 34 99 93 67 46 5 22 99 54 67 63 95 21 20 96 50 13 39 96 31 57 14 22 85 3
20 49 2 0
10 -53 32 0
-30 -72 82 0
-57 -78 34 0
8 22 -40 0
-39 -24 58 0
77 -41 -15 0
-65 86 7 0
-26 22 -59 0
76 -30 -90 0
84 -94 -29 0
-46 65 19 0
59 -37 34 0
-31 -49 7 0
-58 27 83 0
86 88 -98 0
65 -36 9 0
95 64 3 0
-49 6 -18 0
28 -32 -44 0
68 39 -36 0
66 100 -98 0
-8 -41 45 0
26 -68 -7 0
-45 -33 -27 0
83 89 -79 0
44 -37 -19 0
-38 -50 -52 0
83 29 -6 0
81 -82 -22 0
71 -37 40 0
-20 -51 -36 0
71 -64 18 0
-94 48 75 0
21 -90 61 0
-9 42 -62 0
92 -4 -57 0
-83 -14 -61 0
-8 -5 -56 0
-98 -3 58 0
46 82 85 0
-40 -92 1 0
-20 -27 17 0
25 -65 18 0
-14 32 45 0
-15 3 -91 0
42 84 -85 0
87 -40 62 0
53 -6 80 0
-9 75 -20 0
73 -62 -41 0
18 -73 82 0
29 99 76 0
95 51 -79 0
82 6 78 0
70 95 -81 0
-30 36 -90 0
57 29 23 0
-40 -3 -92 0
-43 -14 6 0
98 -67 -69 0
-69 -2 29 0
91 -14 62 0
-88 31 84 0
30 -67 -42 0
-29 68 64 0
30 -15 67 0
4 66 38 0
-28 -4 38 0
-15 -75 76 0
52 -88 -69 0
13 53 4 0
13 -15 54 0
7 -11 -46 0
-77 -91 -79 0
-48 -59 -95 0
-63 -100 -52 0
-67 8 13 0
-26 73 -39 0
-87 -67 43 0
21 78 23 0
39 51 33 0
-84 -37 -3 0
-86 47 -77 0
6 -96 57 0
-72 21 42 0
-95 -90 -42 0
62 -88 -57 0
3 10 20 0
41 77 9 0
93 -12 68 0
36 17 75 0
-21 79 58 0
61 -78 -1 0
100 74 26 0
-8 29 33 0
5 20 79 0
-12 -21 -76 0
34 -96 40 0
43 33 17 0
64 37 10 0
-57 -1 3 0
-22 56 -33 0
63 19 29 0
2 97 11 0
9 31 71 0
86 -73 -19 0
29 60 -10 0
-35 -96 77 0
-44 76 -34 0
-89 39 -19 0
-100 84 -13 0
-93 -56 18 0
-26 -69 -71 0
-47 -81 13 0
33 -27 -85 0
-60 6 -90 0
-74 45 -88 0
7 31 -92 0
64 86 -95 0
-99 -66 24 0
1 -74 12 0
-19 -3 81 0
-80 -72 -46 0
-7 83 -36 0
-40 74 39 0
-30 -10 27 0
-24 20 -48 0
-36 -17 -49 0
-52 35 -4 0
-6 -59 -36 0
-49 73 -41 0
-14 90 17 0
15 -7 -81 0
-80 -99 30 0
82 32 69 0
98 51 -47 0
-100 -55 16 0
5 75 -57 0
-97 76 -78 0
-82 -26 1 0
71 -25 72 0
30 -46 -92 0
-51 14 87 0
85 70 29 0
-10 83 -7 0
94 -44 82 0
-98 63 50 0
-16 -69 85 0
-5 87 -11 0
