c instance by G2
c solution = 1001001110000110100111110101100111110110101000000101001001001001100110010001011110010111000000110111
c Known solution cost is 2751 
p cnf 100 150
w 4 38 98 4 20 74 64 77 23 7 39 68 58 26 56 46 84 78 4 15 32 70 29 78 45 100 93 82 39 37 17 44 96 80 87 71 95 18 38 39 15 79 75 86 16 43 68 38 77 86 17 81 52 2 93 82 27 27 52 47 44 64 96 96 10 3 64 55 19 21 45 68 13 37 27 64 94 42 19 92 92 66 30 94 19 7 82 76 70 87 18 17 86 76 20 61 14 89 67 60
-42 -43 92 0
100 -9 98 0
-10 -13 -89 0
-52 22 -28 0
-36 -99 8 0
-84 -33 96 0
11 -81 65 0
-85 -66 -26 0
24 51 47 0
60 63 64 0
17 -24 53 0
99 -85 -68 0
-62 -21 -20 0
99 63 -25 0
-21 -32 7 0
-73 61 32 0
-3 -58 49 0
77 -59 44 0
20 73 40 0
79 2 47 0
-14 70 -89 0
-99 13 43 0
-76 -1 -77 0
95 2 48 0
13 1 -43 0
-52 -71 85 0
-4 11 -74 0
30 46 -97 0
58 44 -21 0
-74 73 -61 0
24 -88 16 0
27 35 92 0
89 -13 42 0
21 92 -17 0
66 89 55 0
57 -84 36 0
85 25 -90 0
-89 -53 -71 0
68 -58 16 0
-90 -54 20 0
37 -76 -44 0
-6 -14 57 0
10 20 -33 0
6 91 86 0
-80 -15 -73 0
44 81 46 0
27 -30 -64 0
-39 -50 87 0
98 68 -28 0
-71 -96 25 0
59 94 61 0
-88 9 56 0
26 88 44 0
76 -58 -3 0
-23 72 12 0
30 -24 52 0
90 -75 -55 0
10 -79 41 0
-29 69 82 0
27 -49 -66 0
57 -37 -69 0
-68 33 -20 0
69 -16 34 0
-43 -5 89 0
45 -98 -67 0
-92 83 -55 0
-57 -70 -64 0
-33 -49 44 0
13 -31 94 0
-86 93 -25 0
-32 -2 10 0
-29 -39 -63 0
32 -87 94 0
-96 15 57 0
-54 56 -76 0
46 -11 -58 0
-71 72 -30 0
16 -99 -85 0
-89 -28 -17 0
55 -24 -81 0
-62 -29 -52 0
-64 -100 4 0
56 92 -93 0
95 -84 -4 0
29 53 -24 0
33 39 -89 0
52 99 79 0
6 89 -16 0
84 -58 16 0
47 76 91 0
18 -56 6 0
-60 97 70 0
70 -14 -45 0
50 46 -14 0
-7 28 -32 0
38 10 22 0
32 62 3 0
-87 -68 38 0
3 -36 -18 0
-28 -60 -90 0
16 10 100 0
30 -88 -89 0
-54 -96 40 0
39 74 27 0
35 -54 -51 0
-91 86 47 0
-53 -34 67 0
42 -52 -12 0
-91 -50 -39 0
23 71 -15 0
78 12 16 0
21 -69 -77 0
-10 74 -72 0
5 -57 -54 0
-48 19 12 0
-98 -60 -44 0
73 -47 77 0
3 -94 90 0
-57 -95 56 0
-27 71 -9 0
45 -63 -34 0
-69 -9 50 0
14 -23 63 0
-41 -25 30 0
94 91 98 0
-48 21 -83 0
-17 63 26 0
-88 -66 -35 0
-83 82 75 0
80 16 97 0
99 3 -96 0
14 40 60 0
77 -82 31 0
27 71 -19 0
-70 94 77 0
6 44 36 0
-40 -34 -43 0
97 -51 5 0
12 53 88 0
6 10 34 0
35 -88 -75 0
-77 76 10 0
-61 35 -4 0
86 72 -27 0
33 63 74 0
-3 67 24 0
-65 33 84 0
10 96 -43 0
63 -76 -46 0
47 15 -24 0
