c instance by G2
c solution = 0110010000000110011101001110001011111011000101000101101011111010000111101011010010101000001100011001
c Known solution cost is 2758 
p cnf 100 150
w 46 99 39 70 53 28 22 83 66 26 25 77 39 24 9 17 53 55 98 12 25 99 84 89 81 100 32 92 75 30 93 82 72 55 18 44 89 91 8 85 73 92 74 62 93 44 66 32 20 37 4 74 42 59 73 58 39 29 30 97 73 99 59 45 11 44 20 15 100 59 71 76 38 18 2 37 100 20 63 25 92 31 89 50 99 30 53 68 92 45 34 33 67 92 7 99 72 7 10 99
-73 9 85 0
-72 -53 9 0
38 -1 -91 0
-28 -53 86 0
-69 -83 75 0
73 -19 -31 0
51 -83 92 0
46 32 88 0
-83 -74 -91 0
72 -87 24 0
-88 -80 95 0
-48 15 -91 0
63 84 -66 0
-29 41 -59 0
11 4 97 0
-66 -50 -53 0
61 79 9 0
-32 -39 -78 0
79 33 4 0
-89 98 -69 0
77 21 -4 0
39 51 -31 0
-31 -63 -82 0
99 -76 -65 0
-33 10 -23 0
-93 98 -59 0
-75 -12 -76 0
56 82 39 0
9 -95 58 0
47 34 -36 0
66 -65 3 0
-56 -6 -19 0
28 76 74 0
46 24 -27 0
90 -33 50 0
43 -38 -52 0
-73 2 17 0
-6 5 44 0
71 -3 40 0
14 -59 94 0
-97 90 -64 0
3 98 65 0
84 86 55 0
-55 1 -21 0
-84 80 -15 0
37 -7 3 0
21 -26 -54 0
22 24 2 0
-12 -15 -27 0
-41 49 -70 0
77 -28 21 0
-91 31 45 0
-83 26 -18 0
65 78 -40 0
-24 -97 21 0
-4 -16 -58 0
51 -94 18 0
-63 -20 -98 0
43 -60 -67 0
1 90 -16 0
-70 94 91 0
-90 82 -15 0
-22 57 -3 0
-100 -14 22 0
4 -43 10 0
-87 7 -76 0
-29 2 28 0
-97 -40 -11 0
46 -41 76 0
76 25 37 0
30 96 86 0
-67 20 -21 0
42 47 6 0
67 -51 64 0
7 19 28 0
-20 -40 50 0
-49 45 5 0
15 65 -73 0
100 67 7 0
-91 -77 74 0
37 -58 -44 0
2 61 -26 0
-44 1 -41 0
62 30 -13 0
-69 -93 -35 0
-93 -92 -38 0
30 -29 32 0
79 41 58 0
52 -50 79 0
-96 -78 -74 0
5 -88 82 0
-15 -75 -9 0
60 -96 93 0
-86 17 -20 0
-69 -68 37 0
6 75 72 0
64 7 -45 0
-95 56 8 0
-31 11 83 0
40 -68 -73 0
49 69 79 0
24 25 -40 0
-48 2 -42 0
9 81 47 0
-13 80 61 0
76 -97 7 0
58 80 -10 0
-96 -50 -5 0
22 24 23 0
35 -100 -55 0
-79 -40 -33 0
96 47 51 0
-81 -62 82 0
53 -3 47 0
-73 -77 9 0
53 -16 -23 0
-30 90 -35 0
39 1 23 0
-36 57 -2 0
-53 20 -69 0
-99 -76 47 0
70 67 1 0
-39 11 -93 0
27 13 98 0
66 47 -8 0
-47 -91 -55 0
-17 -6 23 0
-20 28 63 0
98 4 -48 0
-17 90 3 0
-80 95 8 0
-31 -6 -62 0
98 72 -10 0
75 38 -11 0
47 36 93 0
-94 4 65 0
90 -56 40 0
-94 24 -23 0
17 18 51 0
-59 27 5 0
59 93 -39 0
24 -19 71 0
-82 45 -69 0
89 -45 -100 0
-37 -42 -71 0
57 31 48 0
68 5 11 0
-7 -31 82 0
-33 18 9 0
-28 -85 -48 0
