c instance by G2
c solution = 1011111001001110110111110100010101010111010110100000111101101100110001010000000100000111001110010011
c Known solution cost is 2610 
p cnf 100 150
w 64 93 92 58 73 82 79 49 55 4 97 31 99 24 46 33 57 42 70 28 91 6 69 34 85 42 99 65 29 16 46 73 19 56 53 64 94 68 10 71 99 19 86 22 86 73 70 92 57 32 85 14 37 91 35 98 19 77 65 88 93 13 35 93 90 95 78 82 52 3 55 88 17 24 50 46 93 66 84 24 48 4 55 35 64 75 25 6 82 29 7 46 12 97 93 58 36 76 1 26
27 51 18 0
25 -48 69 0
98 61 78 0
-2 60 52 0
-43 31 -24 0
9 71 20 0
71 -69 -4 0
-57 -21 -65 0
-86 62 -30 0
64 -34 96 0
22 -28 -61 0
-10 77 -16 0
78 -84 -99 0
-49 51 -20 0
-85 -4 33 0
-50 34 -69 0
52 73 -74 0
96 -93 -25 0
-3 -79 -21 0
-42 -94 -6 0
97 73 -41 0
-23 54 43 0
-80 12 -60 0
-43 -92 -75 0
15 -92 -87 0
78 88 68 0
45 33 -3 0
-62 -90 -10 0
52 -69 79 0
83 -35 97 0
73 55 31 0
-83 59 90 0
-45 3 -92 0
34 49 41 0
71 -16 57 0
-22 -88 24 0
57 -19 -18 0
52 -18 10 0
-60 -48 -97 0
-54 -62 -8 0
-37 20 82 0
37 58 -17 0
91 37 25 0
91 -86 -19 0
76 -78 -66 0
53 96 17 0
7 -70 64 0
-27 -44 -98 0
-70 94 -29 0
-93 -97 -75 0
50 -17 87 0
-50 51 -5 0
-26 -74 -33 0
-10 -95 97 0
26 -18 77 0
72 -18 41 0
-26 -100 56 0
-79 -6 -50 0
-57 -35 23 0
70 -23 -26 0
50 -68 37 0
90 50 -33 0
7 76 39 0
-72 25 17 0
27 -31 39 0
19 -99 -77 0
11 67 59 0
-73 -5 -96 0
48 6 38 0
-65 -82 -18 0
-69 -38 78 0
-92 83 -74 0
75 16 22 0
57 -47 15 0
79 82 14 0
-100 -52 -32 0
-91 46 62 0
-26 51 100 0
-30 73 66 0
40 -99 -39 0
-61 -98 46 0
-25 81 -46 0
67 85 -46 0
-10 -67 12 0
57 -21 -84 0
-61 13 -32 0
-51 -13 83 0
-7 21 -26 0
81 -63 79 0
-35 -45 33 0
22 14 55 0
67 -95 -74 0
50 -12 82 0
28 -6 -27 0
-81 -87 -54 0
4 -22 74 0
-66 27 -11 0
40 73 -99 0
-58 44 52 0
-18 47 -5 0
90 -5 -64 0
-55 43 -9 0
-76 41 -53 0
-36 48 58 0
86 -87 -59 0
11 1 -30 0
36 71 28 0
57 39 9 0
-96 -2 -4 0
92 -18 83 0
5 -45 31 0
63 -21 -8 0
93 -44 -40 0
-58 6 -18 0
39 -91 -20 0
-33 -43 -10 0
-21 23 -32 0
53 84 -21 0
-25 78 68 0
-100 65 31 0
26 -94 -6 0
-24 -89 -17 0
30 85 41 0
56 -64 87 0
-73 -7 -91 0
-37 60 -100 0
31 80 95 0
83 45 -58 0
-58 -75 31 0
-71 76 -17 0
-15 32 -59 0
-83 81 71 0
65 -62 9 0
12 -75 49 0
42 -65 -30 0
63 77 -8 0
-56 -53 -97 0
-41 -52 -11 0
69 -95 -34 0
30 58 -25 0
-51 -34 49 0
-70 -6 99 0
-91 12 -28 0
-67 59 94 0
31 13 56 0
89 -40 38 0
44 99 79 0
68 11 -31 0
57 60 -75 0
3 25 57 0
