c instance by G2
c solution = 0101010111101010001100111101001000010011000110100111011001110001100110111011011011010010000101100001
c Known solution cost is 2496 
p cnf 100 150
w 49 99 95 85 67 72 24 24 4 45 94 76 86 7 62 43 80 95 70 86 15 18 4 93 18 8 76 6 57 65 24 71 79 78 12 89 10 15 37 97 50 59 61 41 30 93 72 78 66 14 15 19 36 7 17 37 61 85 39 44 5 44 36 40 55 61 96 49 73 85 93 70 25 38 38 17 69 20 68 100 90 35 14 100 91 95 69 92 33 55 99 82 10 27 38 78 32 72 2 21
30 24 62 0
-43 76 -79 0
54 93 -50 0
-45 -50 65 0
-35 44 -95 0
37 87 -8 0
98 -62 37 0
46 -5 -94 0
-63 41 -1 0
43 -75 -16 0
-6 -45 13 0
23 -69 -64 0
-15 11 46 0
-82 36 31 0
-8 -18 -45 0
-22 36 -51 0
-36 72 -39 0
14 7 -34 0
-84 -43 -78 0
-39 -94 44 0
-55 -33 -24 0
-64 95 48 0
51 63 43 0
-58 15 18 0
-58 2 42 0
-72 -39 36 0
-29 -19 -65 0
14 -9 -97 0
15 58 -26 0
15 74 -93 0
15 -41 64 0
37 -74 -71 0
-64 12 -30 0
79 -96 63 0
-1 -82 -60 0
-65 -24 71 0
2 45 -67 0
-32 -91 92 0
-92 84 -52 0
-28 -41 99 0
38 -86 93 0
-91 -20 -82 0
15 -47 30 0
46 -84 54 0
30 62 -14 0
-79 99 -88 0
51 59 -20 0
8 -41 -60 0
85 -64 82 0
-22 37 98 0
-60 -55 8 0
32 -63 -17 0
97 -82 -66 0
22 48 81 0
-85 -15 -58 0
-98 77 88 0
33 28 34 0
-13 -32 27 0
-10 79 -8 0
-91 -65 -64 0
-3 -88 38 0
-51 -62 41 0
70 47 -81 0
34 -35 83 0
80 50 67 0
-60 -47 58 0
75 -79 18 0
92 63 -52 0
99 4 41 0
-15 40 -60 0
-12 -100 99 0
9 91 85 0
45 63 16 0
53 88 25 0
26 -95 38 0
-87 -59 55 0
-53 -76 22 0
-7 -69 56 0
73 -19 5 0
-84 55 69 0
-79 58 -55 0
99 -63 -45 0
-30 -37 19 0
-37 97 -8 0
56 -49 -20 0
28 53 -24 0
-10 -27 61 0
53 -9 -83 0
59 89 96 0
-43 7 -53 0
67 -63 -53 0
-89 93 35 0
30 -3 38 0
-16 -80 77 0
-54 37 4 0
-24 -13 -63 0
-85 -96 -9 0
-70 -7 -74 0
97 76 41 0
39 62 -75 0
-45 35 -67 0
-19 34 -70 0
96 -48 -40 0
31 49 96 0
20 -55 16 0
45 -65 -90 0
-69 -51 -80 0
6 -78 -50 0
-73 60 62 0
-69 -46 29 0
-44 42 94 0
52 83 -95 0
-2 -39 100 0
87 -9 33 0
-2 -38 30 0
31 -58 29 0
-28 93 69 0
64 91 -24 0
-7 14 -6 0
99 -23 -90 0
-96 80 -54 0
-92 68 -44 0
-77 16 29 0
41 59 -44 0
17 -34 -6 0
-57 -28 -73 0
94 -16 -23 0
-61 41 7 0
-22 -96 18 0
10 -72 30 0
29 88 10 0
26 50 17 0
13 22 29 0
8 -4 -94 0
-67 42 12 0
90 78 7 0
-94 44 2 0
-56 46 67 0
41 -42 -95 0
12 69 71 0
7 -21 -75 0
-95 -25 -93 0
11 93 -3 0
46 19 93 0
-92 38 -49 0
42 -17 -65 0
82 -79 70 0
-47 -89 -17 0
-17 -68 -18 0
-99 -45 29 0
