c instance by G2
c solution = 0000100011011111000000001001011001111011011101001010010000101001001100100011111110011111011111101011
c Known solution cost is 2923 
p cnf 100 150
w 56 22 64 27 59 63 76 88 58 16 96 12 5 69 30 16 6 20 32 17 19 16 82 57 16 79 15 56 91 91 70 96 38 84 97 39 53 12 73 94 71 88 2 82 48 6 44 53 23 11 57 33 13 34 75 23 46 60 49 74 54 10 97 47 17 73 95 82 95 11 57 26 17 79 64 38 26 24 86 44 70 5 42 38 98 93 83 9 14 86 85 74 55 74 53 12 100 100 28 81
60 47 -96 0
-81 -57 -87 0
78 21 -80 0
76 24 71 0
-69 17 86 0
-19 -36 -88 0
51 -95 -86 0
-73 -44 66 0
-32 -17 88 0
-72 -71 55 0
94 -86 -37 0
-59 32 -17 0
-84 31 -68 0
3 -7 -42 0
-88 -53 -84 0
-30 95 -54 0
-25 89 75 0
-60 -99 -100 0
-4 -17 -57 0
-9 -86 85 0
-4 -81 -43 0
-67 53 -55 0
-23 -75 15 0
-88 76 -90 0
82 -48 -44 0
-22 18 -43 0
26 50 -24 0
64 -85 98 0
41 -92 95 0
-38 -99 -100 0
-30 10 -86 0
-14 -69 65 0
-65 -54 60 0
57 -89 -28 0
68 85 -66 0
-88 2 9 0
25 86 13 0
-14 -62 -35 0
27 54 55 0
47 29 12 0
-25 92 -61 0
-45 100 90 0
4 47 44 0
-86 -40 -38 0
65 -33 -35 0
-59 67 58 0
-13 -78 -74 0
-41 -85 96 0
19 15 -89 0
-33 -10 57 0
54 21 29 0
97 29 -42 0
-42 -82 17 0
76 -54 -10 0
54 -5 96 0
35 -14 74 0
88 43 -100 0
-93 -45 -75 0
-88 91 -77 0
81 -60 -53 0
-15 70 -63 0
-14 -95 13 0
18 11 40 0
21 36 91 0
41 63 59 0
-31 87 33 0
-78 42 -46 0
33 -43 64 0
26 57 -52 0
25 44 71 0
44 -33 -5 0
48 83 88 0
-40 -28 -27 0
-36 47 61 0
-9 -49 93 0
59 71 -80 0
-97 53 77 0
68 72 -43 0
-15 -34 43 0
-46 23 80 0
72 -71 -8 0
-3 -85 41 0
7 -34 93 0
29 28 -51 0
-8 25 75 0
-55 -22 86 0
-28 4 5 0
-1 -31 -83 0
-8 64 -10 0
25 74 -92 0
-2 -71 -85 0
-84 -12 -26 0
-44 15 29 0
-43 -38 -90 0
-79 53 34 0
86 22 63 0
30 14 52 0
-23 -15 -100 0
-46 16 -5 0
-100 -80 -52 0
74 30 -35 0
-10 7 14 0
-27 2 -7 0
-67 -92 -21 0
5 57 -83 0
68 1 98 0
-96 -34 -55 0
89 -36 49 0
-7 17 -16 0
55 -94 37 0
69 -15 -27 0
79 -68 2 0
-91 -31 100 0
19 -66 21 0
-11 27 56 0
71 -98 -38 0
-99 96 -20 0
26 61 8 0
-51 -50 32 0
99 33 63 0
38 76 100 0
91 -96 75 0
50 -29 11 0
-95 85 67 0
8 -14 64 0
17 81 -14 0
-95 19 36 0
-10 38 39 0
71 45 -87 0
8 27 46 0
60 -13 -18 0
-91 -83 -75 0
25 29 98 0
87 -83 60 0
90 -77 -93 0
18 -47 72 0
26 -32 50 0
-93 -98 11 0
34 35 -53 0
45 -31 84 0
45 43 -50 0
-51 -10 -56 0
-46 64 8 0
48 -49 -70 0
-45 -54 -58 0
-92 -58 50 0
83 -26 -24 0
-1 2 -67 0
-87 -6 1 0
-37 -24 52 0
