c instance by G2
c solution = 1101101011100010011110011111111011101010111011110110000000101101111111001000001000011000000110011000
c Known solution cost is 2708 
p cnf 100 150
w 44 48 85 19 53 7 68 73 49 85 68 23 13 49 9 96 75 79 4 86 19 83 26 71 65 49 78 72 8 56 33 80 21 13 32 53 64 4 19 35 17 37 99 61 34 3 56 76 82 52 46 77 22 28 64 68 44 28 39 75 39 28 15 93 40 75 94 91 73 82 2 22 31 36 97 71 5 28 29 98 56 85 92 93 87 95 25 20 55 95 19 23 36 32 65 47 76 26 78 39
40 -38 -12 0
84 -30 -41 0
-11 -88 -69 0
48 -24 6 0
89 46 12 0
13 -98 -24 0
56 -18 15 0
54 26 -97 0
-64 -22 -68 0
-57 81 23 0
-51 -95 82 0
73 -35 -29 0
-18 33 -4 0
-15 97 -44 0
-13 -55 -5 0
-50 28 55 0
-9 38 -89 0
94 37 -1 0
-24 -79 -71 0
-7 94 29 0
-18 -52 86 0
-15 41 -36 0
6 -78 -26 0
12 -29 -58 0
47 -18 56 0
-15 54 62 0
-66 5 -97 0
52 37 -75 0
-54 -64 -23 0
-70 31 100 0
83 81 69 0
60 -55 -67 0
78 -53 -21 0
100 40 -36 0
72 18 60 0
51 53 -39 0
-96 38 -63 0
79 5 22 0
22 50 -1 0
39 46 -37 0
51 14 -97 0
-50 95 -91 0
-97 40 73 0
17 -33 -32 0
-40 29 -65 0
88 -23 -62 0
39 14 90 0
-16 38 -25 0
-48 -33 85 0
22 -96 25 0
57 68 46 0
-87 94 5 0
52 53 -81 0
-1 6 -44 0
-63 -23 -67 0
-35 -75 -25 0
45 -92 3 0
45 23 34 0
-68 -3 -63 0
-63 98 91 0
-98 80 73 0
82 -34 97 0
1 -43 23 0
32 -53 95 0
-62 43 -10 0
-33 55 68 0
-12 73 1 0
-87 13 6 0
12 93 16 0
-33 52 70 0
-42 -55 1 0
55 80 64 0
-92 44 7 0
-6 13 54 0
-28 17 -83 0
16 22 -14 0
24 -39 -69 0
-13 -11 92 0
-54 -41 -68 0
66 98 -97 0
-56 98 32 0
-80 -15 76 0
-8 -31 -77 0
63 -72 93 0
13 19 -93 0
-43 -5 61 0
-70 -86 -98 0
7 -68 -72 0
75 42 -47 0
-72 16 -96 0
99 -40 74 0
78 41 -34 0
-12 77 75 0
-29 5 58 0
46 -28 64 0
27 61 -35 0
-95 -77 82 0
-18 76 1 0
56 -93 35 0
-100 23 -93 0
-59 12 1 0
-65 -3 -96 0
-47 -15 -76 0
59 -4 76 0
-30 -28 -3 0
-21 38 -13 0
-35 -87 -7 0
-51 -65 -82 0
21 -80 -66 0
38 9 88 0
-41 -10 4 0
-66 53 -91 0
98 99 96 0
20 -42 87 0
21 -79 -62 0
-100 -78 54 0
65 -69 -85 0
58 -28 -12 0
-89 70 -96 0
-20 -77 78 0
2 -39 -5 0
-49 -47 8 0
36 -73 30 0
-99 100 80 0
-12 -43 -84 0
7 -34 80 0
-27 -94 17 0
78 14 -86 0
5 -72 -85 0
-24 -74 88 0
79 -28 -48 0
98 -70 27 0
-79 -60 74 0
-60 68 72 0
74 -90 72 0
-64 -14 -44 0
-37 -38 -92 0
41 38 -11 0
10 -51 -93 0
-4 -10 -8 0
-48 -69 10 0
-57 -54 30 0
30 -52 97 0
80 -87 -66 0
84 62 15 0
17 34 32 0
13 67 80 0
-1 40 11 0
-17 -84 72 0
-47 92 13 0
