c instance by G2
c solution = 0010100110101111101010111111011111100011110011101010111110011101001011011101000001010101010100101100
c Known solution cost is 2396 
p cnf 100 150
w 27 26 66 21 1 1 69 13 9 67 29 26 36 54 18 32 4 100 60 35 18 88 2 44 32 78 32 59 33 15 37 53 81 66 7 3 30 87 68 18 50 56 51 25 85 19 6 36 63 11 98 13 90 80 53 15 99 58 75 20 19 99 41 18 20 31 5 38 11 26 74 20 17 90 72 2 52 24 59 49 26 24 81 42 20 47 18 38 95 58 28 22 97 41 90 3 77 25 70 39
18 -57 -58 0
74 -90 91 0
54 -88 -53 0
57 50 10 0
-88 -33 45 0
-62 -18 -9 0
100 17 -59 0
-11 17 13 0
93 -78 65 0
-61 3 -57 0
57 -67 78 0
-59 45 -81 0
52 -36 100 0
25 -53 -17 0
73 11 -67 0
99 -45 19 0
11 6 -54 0
75 58 -12 0
-74 55 -9 0
83 16 -17 0
58 -62 70 0
80 9 -8 0
38 75 -58 0
2 -5 -18 0
-44 -17 -73 0
-52 -19 59 0
36 -19 82 0
49 87 -10 0
-35 63 -36 0
-32 38 34 0
-55 -87 -60 0
-62 27 -33 0
1 -40 92 0
14 81 -31 0
33 89 93 0
68 67 15 0
-74 53 -42 0
50 85 31 0
37 -23 -78 0
64 -56 36 0
38 -81 -61 0
93 18 84 0
17 -88 87 0
-94 -63 12 0
-41 53 71 0
27 36 -100 0
-1 71 -73 0
47 13 -27 0
4 79 60 0
43 -26 28 0
-45 67 -86 0
-68 78 75 0
100 49 22 0
8 -76 -14 0
-90 32 80 0
-76 -25 56 0
-60 99 76 0
27 87 -23 0
58 79 -59 0
-93 -39 -32 0
-39 13 -23 0
-24 -25 -87 0
-21 -96 2 0
-32 -27 47 0
42 -31 -86 0
-38 71 -32 0
-72 37 21 0
-85 -34 78 0
-34 -2 -82 0
82 -34 -63 0
-14 90 -64 0
11 4 8 0
-64 -47 35 0
-3 80 40 0
-6 100 -76 0
-20 2 -23 0
75 73 28 0
70 21 98 0
-83 -90 99 0
-98 15 -30 0
91 80 -99 0
48 -46 41 0
-2 30 64 0
51 75 -47 0
33 -84 69 0
44 -67 -89 0
-1 93 47 0
74 14 -8 0
21 -49 52 0
28 -44 -66 0
66 -77 34 0
-3 100 -22 0
-45 -8 61 0
1 -48 77 0
-37 -27 10 0
-10 93 -24 0
-75 -86 -28 0
39 63 65 0
-5 -55 49 0
65 20 23 0
50 85 -63 0
-28 67 -53 0
62 -88 -11 0
-5 -99 -14 0
30 -90 71 0
-29 -84 -47 0
-54 86 -21 0
18 43 24 0
-43 -95 -90 0
-92 -80 19 0
-84 -50 83 0
28 -19 -91 0
46 -64 96 0
61 -16 -85 0
25 -16 -5 0
-24 -100 -64 0
-90 73 -92 0
-59 -51 -74 0
43 77 -4 0
-67 65 97 0
70 -25 100 0
-29 -23 -85 0
-10 -41 61 0
-73 50 5 0
-40 22 98 0
-46 4 41 0
-56 -15 72 0
-33 26 -5 0
-13 -60 -66 0
-34 80 69 0
28 74 11 0
24 70 65 0
-24 -7 -70 0
-30 -71 63 0
-79 37 96 0
88 7 93 0
94 22 -80 0
-1 80 -79 0
87 -94 -16 0
-58 -38 -40 0
-62 95 -92 0
12 -77 -55 0
-75 -95 -86 0
-34 -27 -52 0
18 99 -65 0
72 81 -27 0
-6 23 36 0
-55 -91 -64 0
-40 7 -85 0
-44 -75 -33 0
