c instance by G2
c solution = 1001011101010001001110100100100101110101110010001010010000110110001000011001110000100110000111010100
c Known solution cost is 2173 
p cnf 100 150
w 4 32 16 40 5 69 33 16 57 46 79 94 68 39 11 77 18 5 61 64 90 83 91 74 18 100 89 90 77 9 34 69 93 11 27 85 45 21 98 17 61 39 79 47 32 97 91 53 95 56 53 12 69 17 25 10 44 51 68 12 23 27 13 7 97 65 17 99 98 27 37 76 78 83 60 91 11 25 69 39 22 65 38 53 15 62 41 15 2 82 60 60 26 19 21 25 94 95 77 86
-10 21 100 0
-42 -36 19 0
-23 -18 -21 0
-25 49 96 0
-41 90 -84 0
-82 -67 99 0
-6 91 63 0
-8 69 -25 0
56 -44 -45 0
-1 38 68 0
7 25 91 0
-2 -41 -44 0
-34 61 -75 0
-87 -96 -52 0
-33 -20 39 0
-90 -45 -1 0
-89 -21 53 0
47 84 -79 0
-12 -22 -86 0
67 14 -72 0
24 -88 65 0
-40 58 -2 0
91 -39 -19 0
48 -97 33 0
78 -7 52 0
75 19 92 0
48 -73 -56 0
-13 47 -34 0
-25 77 -91 0
66 -17 15 0
-93 -35 60 0
-27 19 -54 0
-91 -59 33 0
-29 -56 74 0
-11 30 2 0
-42 65 -95 0
23 37 -77 0
-35 55 -64 0
-36 8 -23 0
12 79 28 0
50 73 57 0
-50 -62 3 0
87 64 79 0
-45 6 -62 0
-38 -8 76 0
-12 51 -7 0
78 65 62 0
92 39 -36 0
-72 3 -46 0
46 -24 -72 0
-45 -17 93 0
-68 71 28 0
-15 -60 74 0
82 -34 51 0
21 33 -92 0
22 42 -8 0
55 29 89 0
-59 -66 44 0
-41 16 2 0
98 -69 -38 0
72 -16 -45 0
81 -51 -24 0
49 29 -44 0
-87 -14 70 0
-27 -16 -63 0
-92 -45 98 0
-33 75 -84 0
-83 -34 -48 0
-70 -40 50 0
-68 94 30 0
16 -59 86 0
68 -93 1 0
15 79 59 0
-12 -40 -99 0
-42 -19 -80 0
93 -96 -60 0
-83 -33 74 0
-90 -77 91 0
-98 -30 -29 0
25 20 64 0
-95 25 -56 0
4 47 -10 0
66 91 -47 0
87 -94 69 0
18 -36 -85 0
45 -78 89 0
-20 43 -97 0
-32 -55 -87 0
48 94 -20 0
34 81 100 0
-25 -68 86 0
86 -55 -91 0
10 -6 68 0
-43 -4 -23 0
58 -9 70 0
-24 -60 33 0
89 -37 -4 0
-94 -92 -74 0
58 47 54 0
-46 -23 -87 0
35 48 55 0
3 -89 69 0
31 41 99 0
-37 7 92 0
79 -77 62 0
67 37 79 0
-62 74 -57 0
85 -48 -77 0
65 83 -63 0
26 82 88 0
97 15 -81 0
14 -73 -5 0
31 -61 -33 0
-71 55 -92 0
61 40 -4 0
-89 -56 97 0
-65 -83 24 0
-35 33 -68 0
-61 53 -23 0
-23 29 -85 0
39 75 98 0
90 89 -69 0
-3 65 82 0
-7 -14 -92 0
-84 5 -90 0
78 -56 39 0
-31 66 -60 0
-26 -68 69 0
82 86 53 0
-89 -83 -10 0
-36 -28 -4 0
-53 -10 -45 0
92 49 -45 0
94 -36 23 0
-55 -2 96 0
-98 -100 -42 0
7 12 -82 0
-8 68 10 0
95 -10 49 0
-41 14 32 0
-9 -76 -41 0
58 -26 -15 0
-8 13 62 0
-59 36 65 0
74 77 -86 0
-87 -100 -11 0
-62 96 -29 0
-58 81 -49 0
97 95 92 0
51 80 39 0
