c instance by G2
c solution = 0011100100011111110110110011111101100110101001101010101011111101011111001000010010111001000111010110
c Known solution cost is 2498 
p cnf 100 150
w 30 50 88 34 65 87 30 66 12 92 59 21 38 15 62 72 5 41 43 64 77 48 2 72 61 7 4 57 9 22 84 88 27 63 68 8 82 6 5 81 58 46 57 37 77 16 15 26 63 11 25 15 26 96 46 83 13 61 87 1 29 42 20 92 38 7 90 6 49 67 33 29 52 41 41 65 73 5 57 35 52 52 15 75 45 28 86 66 5 67 65 55 38 36 87 61 2 4 16 91
25 47 22 0
54 -6 -55 0
49 -6 -69 0
-33 -46 -7 0
28 85 -98 0
19 16 100 0
33 93 57 0
-67 43 -28 0
96 25 -39 0
-98 -8 -97 0
-3 -17 84 0
87 53 11 0
-77 -67 -47 0
39 -78 -43 0
-29 38 -35 0
-98 -64 62 0
34 -17 -99 0
34 -46 86 0
-18 -7 -3 0
-18 -33 -32 0
36 -8 -26 0
90 14 -78 0
76 -30 -44 0
76 75 -89 0
-41 81 -88 0
5 61 -51 0
-78 -67 -71 0
-66 15 -95 0
28 -13 -85 0
-28 37 -89 0
-53 61 33 0
-60 78 -71 0
-29 -93 60 0
62 -81 -84 0
61 67 13 0
-78 97 -72 0
44 27 75 0
-94 -19 -58 0
98 -20 -29 0
60 -61 54 0
-37 52 -70 0
27 82 67 0
6 -38 18 0
91 -2 -18 0
24 -84 11 0
-5 90 51 0
-40 73 98 0
11 -57 -63 0
-11 -62 -83 0
-32 -12 -19 0
50 -22 -31 0
-55 -79 86 0
84 -35 -83 0
40 9 -77 0
-62 50 69 0
-22 84 64 0
2 57 54 0
-49 -9 -27 0
34 -35 -49 0
73 -29 79 0
-81 -82 74 0
-70 12 100 0
-49 83 -98 0
-93 -40 -27 0
-5 13 -30 0
-32 85 -18 0
-60 15 -20 0
63 18 -67 0
20 -32 -23 0
59 32 78 0
59 9 65 0
-1 -23 7 0
-96 91 -48 0
66 1 -62 0
99 -41 -31 0
-51 42 23 0
57 37 -23 0
35 -30 -18 0
8 5 -30 0
-40 -24 -69 0
-5 -85 -56 0
-68 82 -42 0
87 67 42 0
-65 51 -81 0
81 -45 39 0
48 -79 -83 0
77 9 -36 0
-42 -17 -60 0
78 79 36 0
85 16 -50 0
46 -98 22 0
-86 2 63 0
-40 -18 91 0
-68 45 -74 0
26 31 82 0
-47 18 26 0
-41 96 9 0
5 44 77 0
55 25 77 0
12 -57 19 0
29 59 61 0
18 52 -27 0
29 89 -31 0
6 33 12 0
22 52 68 0
-98 94 9 0
-31 -10 33 0
58 -73 -93 0
-55 17 42 0
64 50 -20 0
-46 -90 77 0
-90 -11 -94 0
77 -28 -89 0
92 -53 -60 0
-64 -61 93 0
-35 -24 8 0
-24 -50 80 0
76 62 25 0
-91 22 54 0
-69 70 -35 0
22 -55 41 0
2 -13 -76 0
52 -25 68 0
64 55 -84 0
-41 -66 21 0
49 -38 26 0
18 93 -16 0
-54 -73 -24 0
-62 -29 30 0
99 -36 51 0
32 -24 -46 0
6 -1 -81 0
-9 60 -40 0
-80 72 -21 0
4 -17 -8 0
46 96 -22 0
17 -23 -93 0
-25 -8 11 0
-45 -32 -30 0
-58 -59 88 0
42 98 88 0
52 3 79 0
-21 -52 48 0
-93 -75 50 0
-100 -3 -16 0
-95 79 63 0
-54 84 39 0
-51 48 -87 0
-34 -15 -95 0
-65 25 2 0
