c instance by G2
c solution = 1101001110011011000000100001011111000010100000010001001001010001000110110000101110110001011110010001
c Known solution cost is 1829 
p cnf 100 150
w 15 72 67 47 70 28 69 67 62 40 35 18 17 36 17 91 22 32 38 89 83 90 94 97 80 59 25 98 78 40 56 88 34 56 86 94 71 85 80 3 30 40 43 73 66 88 64 10 13 66 70 19 59 6 8 14 29 56 55 18 9 61 32 61 60 88 88 26 20 93 97 28 58 3 4 65 5 91 55 54 23 53 28 56 90 70 15 32 54 34 10 61 9 89 80 56 12 32 34 12
-4 -56 63 0
75 -10 57 0
-81 -16 -57 0
21 25 -40 0
62 -24 -87 0
-51 21 86 0
97 85 -61 0
22 -49 -93 0
-90 -73 47 0
64 75 -79 0
-72 -30 -26 0
15 -30 42 0
-71 -55 -14 0
-22 38 -2 0
-78 -96 -5 0
-81 -18 -13 0
79 25 82 0
93 -81 86 0
-99 -15 75 0
-7 -100 -35 0
-93 -22 -64 0
-2 23 35 0
58 21 89 0
8 93 94 0
-39 41 22 0
45 71 -31 0
-89 -39 35 0
56 75 58 0
5 44 -89 0
43 2 55 0
65 -26 7 0
-5 -93 62 0
-70 38 62 0
6 -16 72 0
-96 -21 -39 0
-82 -80 -69 0
-26 -76 -88 0
-59 -90 85 0
99 -95 -100 0
26 -77 -50 0
45 38 90 0
-63 62 -13 0
31 -90 42 0
59 92 -91 0
-43 61 36 0
-74 40 25 0
57 -24 70 0
98 82 -25 0
-63 43 54 0
64 -34 42 0
36 61 33 0
-69 -24 -85 0
14 -95 8 0
30 -31 -60 0
78 -58 28 0
-47 -88 -100 0
5 68 87 0
36 100 82 0
81 94 98 0
87 12 99 0
-56 -53 21 0
-68 -65 -77 0
-68 88 89 0
-11 -16 -69 0
-28 -27 -79 0
8 -69 -33 0
47 -81 -19 0
54 -58 -76 0
-62 38 -73 0
48 63 67 0
100 -6 -99 0
100 -97 -87 0
21 -92 34 0
-31 -46 11 0
39 -41 -80 0
-60 -72 -38 0
-62 43 95 0
-20 79 -18 0
95 -87 98 0
-15 51 -36 0
59 -54 42 0
-69 17 -94 0
-3 -42 -36 0
80 46 -77 0
20 -13 -29 0
-34 5 -66 0
15 1 45 0
-98 18 5 0
-2 -20 59 0
20 4 -32 0
-88 -27 15 0
51 40 -86 0
-41 -89 10 0
-19 -41 26 0
29 83 44 0
66 -15 69 0
-62 -26 12 0
27 -84 55 0
-44 -1 26 0
99 -6 -12 0
7 -23 57 0
84 50 43 0
13 -69 -39 0
-79 -95 -32 0
18 10 -26 0
19 -40 30 0
9 -90 97 0
-4 38 77 0
-100 -53 18 0
3 -68 72 0
-87 38 -59 0
-93 1 -41 0
-30 89 -47 0
-59 -29 23 0
-31 32 -90 0
-46 -7 -23 0
23 94 30 0
98 -81 -45 0
-46 67 -11 0
-93 -17 87 0
-24 -37 100 0
20 -50 -81 0
69 49 -86 0
20 79 9 0
53 -60 -85 0
-8 -25 -80 0
-3 25 -33 0
-79 -97 76 0
60 30 10 0
50 -8 -18 0
-37 -77 -83 0
87 -71 55 0
26 49 71 0
31 98 -14 0
49 -75 3 0
11 44 -42 0
2 97 -92 0
47 10 -40 0
36 48 -55 0
96 63 26 0
-75 -63 -49 0
-78 10 -68 0
73 -67 -79 0
91 37 -12 0
39 -90 55 0
-13 20 52 0
61 84 86 0
-96 -57 -68 0
60 24 19 0
16 -4 53 0
