c instance by G2
c solution = 0110101110111101000110011011100110111111111010010101100001001001100001111111000111010001011111001000
c Known solution cost is 2833 
p cnf 100 150
w 100 52 23 99 58 35 84 55 56 6 18 51 75 11 10 86 40 32 60 22 37 54 31 1 88 82 59 74 65 78 4 69 76 97 81 100 37 73 74 18 85 97 14 100 29 65 55 72 55 56 73 27 1 19 53 33 25 48 69 30 65 79 55 98 71 88 82 94 54 32 19 29 16 63 56 70 87 52 15 39 9 41 27 28 55 46 69 89 30 3 87 25 46 73 70 70 2 50 33 10
36 15 91 0
12 72 100 0
34 -47 -73 0
86 -28 -95 0
-41 -44 -62 0
-82 -26 -65 0
90 6 -11 0
-69 -35 60 0
-74 54 -23 0
-40 -59 57 0
-46 -14 -60 0
-95 85 37 0
-41 67 50 0
84 -65 18 0
6 -7 -66 0
22 100 33 0
31 72 -8 0
44 -38 88 0
14 -12 73 0
-21 42 45 0
51 87 75 0
-40 23 -55 0
-1 89 85 0
-79 83 10 0
-76 -31 17 0
-91 -56 35 0
-40 -72 48 0
59 -20 -17 0
-86 -30 -69 0
-75 52 -20 0
-96 -86 -63 0
-28 35 39 0
-39 17 24 0
32 -73 -27 0
-36 -96 -27 0
-42 -40 61 0
-83 59 -32 0
-36 68 -60 0
-53 20 60 0
81 51 10 0
-43 37 98 0
42 80 -21 0
1 29 -81 0
-27 37 -8 0
-80 -54 77 0
-36 -78 -61 0
38 -21 10 0
-72 18 -57 0
-15 56 17 0
55 62 -18 0
98 -77 55 0
53 59 -36 0
98 -22 -58 0
-92 -14 -89 0
31 -46 50 0
-63 -52 -75 0
-42 96 -30 0
-39 46 -68 0
59 -14 74 0
40 -16 22 0
31 59 -60 0
-36 -29 -51 0
-9 -85 -48 0
-18 -78 59 0
-100 94 -25 0
96 86 -87 0
-75 28 59 0
66 95 -99 0
62 76 22 0
-42 -58 97 0
-90 -12 8 0
-76 -78 -97 0
-38 -12 -44 0
-25 14 -91 0
-52 -87 -77 0
-81 97 -89 0
89 58 19 0
-54 8 -74 0
41 -72 66 0
-27 -77 23 0
54 -92 -86 0
60 -43 7 0
15 -53 2 0
-34 -97 -81 0
-44 -79 -48 0
-29 2 -5 0
4 45 89 0
-75 -26 62 0
-38 39 -97 0
21 6 -70 0
-30 15 -80 0
-98 -62 57 0
10 33 16 0
-39 -52 13 0
-47 -13 -9 0
16 -27 79 0
3 -97 30 0
42 -11 45 0
72 -91 99 0
58 -43 69 0
15 -93 -66 0
69 49 -62 0
-12 -28 -57 0
10 -40 80 0
94 85 100 0
32 4 -49 0
-40 -76 73 0
-52 -21 82 0
-4 98 83 0
22 9 55 0
14 79 31 0
89 36 79 0
-88 -7 -56 0
46 42 -90 0
-16 -49 83 0
-40 -57 -62 0
72 -7 -32 0
90 -87 -73 0
-19 -33 -90 0
-76 28 95 0
-10 -2 100 0
79 92 54 0
-45 11 -16 0
-43 -67 83 0
6 -38 93 0
-43 -42 64 0
-14 63 91 0
5 -90 51 0
88 -31 -66 0
-14 24 -55 0
-17 -27 88 0
22 -17 75 0
-64 -29 71 0
83 27 99 0
89 43 -64 0
31 -5 -46 0
68 85 12 0
86 -34 36 0
35 -37 28 0
59 66 -6 0
-92 35 -21 0
-69 2 28 0
65 63 -81 0
-21 -84 -6 0
31 -100 68 0
-80 57 -98 0
15 -2 70 0
78 -95 43 0
-64 -95 -19 0
-91 19 25 0
