c instance by G2
c solution = 0011111011000001010011100011000100110110111001101101111111101100011000010111100000001011000011110111
c Known solution cost is 2491 
p cnf 100 150
w 39 65 70 59 18 51 41 96 71 12 89 9 24 8 30 6 86 9 54 53 63 86 14 3 72 18 45 52 76 66 84 38 26 16 45 84 70 51 79 15 46 99 41 57 87 28 12 65 14 24 45 24 82 6 25 17 81 70 34 16 37 18 41 80 34 72 36 41 87 61 33 79 20 26 54 37 84 64 25 49 23 16 39 93 72 74 71 95 7 5 3 24 26 25 32 30 28 33 78 89
15 -43 77 0
2 -65 92 0
24 25 9 0
-91 -77 -38 0
57 73 64 0
-34 -6 -75 0
-20 -35 -85 0
93 -42 -80 0
-18 17 -45 0
66 -100 90 0
-67 4 -88 0
99 -18 31 0
32 83 30 0
-79 63 45 0
10 -77 -52 0
8 92 -14 0
-94 -4 42 0
-25 -59 -79 0
21 25 -7 0
54 -87 -46 0
-21 85 64 0
-26 2 -11 0
-88 36 -87 0
-66 65 -90 0
-72 -93 -68 0
61 -4 -93 0
3 98 -93 0
99 -35 8 0
-72 69 39 0
-99 -47 -81 0
-28 -38 -15 0
-98 74 -69 0
-73 83 -4 0
48 -29 28 0
-54 93 -39 0
-69 82 20 0
-66 -40 64 0
14 27 -18 0
-37 33 70 0
88 13 -76 0
-53 -89 -100 0
-62 32 2 0
-80 100 -49 0
74 -3 -98 0
-87 -5 -70 0
54 77 52 0
-5 15 56 0
-62 -82 25 0
33 64 -92 0
-59 -33 -21 0
-85 16 -96 0
60 100 37 0
-55 15 43 0
17 30 -84 0
35 78 81 0
-18 -72 95 0
70 -9 -29 0
-22 75 8 0
-39 22 34 0
-19 -95 -39 0
-36 61 87 0
67 61 -99 0
86 30 96 0
-20 -75 -35 0
85 81 12 0
-72 63 94 0
-74 -34 51 0
24 54 -31 0
78 58 -6 0
-10 -8 -39 0
-83 -42 64 0
-73 -93 -34 0
-69 -52 25 0
88 -62 48 0
-46 -23 -12 0
85 24 89 0
95 -72 -97 0
5 34 70 0
-72 55 -61 0
-89 76 46 0
2 -63 -10 0
46 15 65 0
64 52 -7 0
-48 15 -94 0
-57 70 -73 0
38 13 37 0
-97 68 -27 0
90 -40 -85 0
-9 -26 -27 0
-88 -60 -95 0
-50 -73 -4 0
45 -39 -1 0
65 -78 58 0
-39 82 -25 0
-14 -41 15 0
68 -51 -36 0
-14 58 -88 0
-28 62 -3 0
79 18 64 0
-37 34 -43 0
72 92 59 0
-87 17 -13 0
35 78 -5 0
74 -28 1 0
84 -1 -50 0
-39 -38 -91 0
-4 3 1 0
79 -60 65 0
92 -74 -44 0
-74 72 83 0
64 79 47 0
-99 -10 -64 0
2 -43 76 0
42 -89 -50 0
-4 71 43 0
2 -80 -62 0
-89 48 -53 0
-53 -11 65 0
19 28 -96 0
-10 -78 97 0
-3 -74 -30 0
-72 84 87 0
94 -22 -74 0
-94 67 63 0
25 59 82 0
59 -15 -71 0
37 12 -15 0
46 -76 -1 0
72 14 -85 0
34 -31 -85 0
23 70 19 0
-22 6 17 0
-47 -56 6 0
-4 16 -97 0
-68 -55 -44 0
91 -50 47 0
-2 -27 63 0
7 86 91 0
34 -57 -17 0
53 -95 14 0
-90 6 7 0
17 41 71 0
48 -86 -55 0
74 -95 -41 0
73 50 -93 0
44 -55 -71 0
-89 52 90 0
68 -24 37 0
-94 -76 49 0
24 98 -58 0
