c instance by G2
c solution = 1100011010000000010100100010111101101111110011100101010110011011000101011001011100111010011001110110
c Known solution cost is 2658 
p cnf 100 150
w 10 38 96 10 35 10 10 89 14 86 19 60 8 100 82 47 58 56 43 39 55 41 55 88 33 33 34 56 4 85 28 93 90 67 95 68 85 60 26 14 76 53 27 87 56 91 90 42 36 79 7 94 80 95 44 25 3 37 37 90 96 16 9 93 33 82 26 59 55 2 47 88 80 86 78 12 43 6 29 60 70 52 46 71 79 17 78 19 93 5 50 88 52 52 31 55 58 58 24 9
-64 52 66 0
-85 50 -93 0
-90 -56 -69 0
66 -92 -82 0
-21 58 97 0
-14 88 100 0
-22 -40 -45 0
-84 65 76 0
40 21 53 0
17 16 -86 0
93 17 27 0
63 -23 -6 0
-72 -30 95 0
38 84 -24 0
61 -62 52 0
73 74 15 0
53 -52 -16 0
77 -74 -18 0
71 83 -73 0
49 72 81 0
57 -7 71 0
23 100 68 0
-21 -84 57 0
-100 -70 -31 0
-45 -98 -66 0
85 -32 67 0
-79 9 33 0
-56 5 -59 0
-99 37 -2 0
8 -1 -51 0
-44 79 82 0
-5 28 -74 0
-85 -23 76 0
85 68 -56 0
66 -43 48 0
-84 22 38 0
70 10 100 0
-38 70 36 0
24 17 -93 0
-21 -82 85 0
-50 16 6 0
10 23 4 0
-77 36 -91 0
-36 -29 22 0
53 7 -57 0
-33 -99 5 0
22 60 -57 0
78 -20 -68 0
-70 26 29 0
81 51 73 0
-65 10 -42 0
-50 54 99 0
88 -89 -90 0
12 -54 91 0
28 -13 -46 0
-30 -5 -2 0
38 -61 -58 0
-71 -42 79 0
64 11 55 0
86 -73 -75 0
54 -84 71 0
-7 -88 -50 0
10 -98 39 0
2 1 17 0
-49 -58 -67 0
55 -57 -81 0
-85 52 -47 0
-32 -3 12 0
-91 38 -41 0
96 69 -61 0
30 92 -47 0
-7 -92 86 0
81 -53 -57 0
-41 -51 -18 0
3 62 94 0
-80 -37 63 0
75 43 -25 0
-71 -90 -87 0
4 35 88 0
-55 67 -18 0
87 17 -79 0
43 89 -17 0
45 10 -6 0
-50 46 -73 0
-86 49 -91 0
-45 36 -26 0
11 -62 66 0
-22 -31 10 0
-8 -56 -38 0
77 93 -16 0
-42 71 98 0
-5 -98 24 0
32 -83 -55 0
84 69 -73 0
21 34 -1 0
48 -82 -9 0
99 62 -52 0
26 60 -10 0
-7 -28 -34 0
15 1 12 0
68 -18 4 0
51 -15 43 0
-58 17 51 0
59 -11 22 0
-31 47 75 0
48 -13 10 0
-86 44 -18 0
-84 42 14 0
20 10 4 0
-57 56 -68 0
51 -33 -9 0
-97 -90 24 0
-34 -48 -38 0
-59 27 2 0
-67 86 100 0
56 34 75 0
41 81 4 0
91 54 -51 0
92 18 67 0
-30 -41 18 0
-32 -44 -29 0
15 -4 17 0
8 -24 -56 0
-64 90 -63 0
-12 -38 -9 0
62 -87 -19 0
67 46 13 0
46 -48 -17 0
92 -69 48 0
-99 -49 -34 0
61 93 -72 0
-81 51 62 0
51 -100 -77 0
-72 92 32 0
-16 15 67 0
-40 23 -74 0
12 3 47 0
51 -5 -94 0
13 52 -78 0
3 2 12 0
72 -92 -40 0
71 31 5 0
71 -57 -48 0
-18 15 79 0
28 -30 -10 0
-5 20 81 0
-64 -58 -98 0
57 49 43 0
66 50 25 0
80 -29 -72 0
