c instance by G2
c solution = 1111111101111110101101100001100011001111100001101100110111111010000011010010111011100000001000011100
c Known solution cost is 2773 
p cnf 100 150
w 70 22 59 80 4 65 61 100 59 61 50 70 15 28 36 30 96 77 6 83 29 73 3 12 28 65 42 43 10 34 79 60 61 53 13 12 45 33 1 65 54 11 42 49 99 72 72 81 55 70 36 44 7 24 8 94 83 96 60 22 20 36 3 72 79 68 73 37 64 13 76 37 10 92 28 32 31 15 84 27 80 5 65 18 70 31 42 84 62 21 82 14 13 44 75 86 78 80 99 22
70 -2 -19 0
-73 31 -15 0
-19 69 -14 0
18 -7 50 0
-23 -99 -59 0
71 -25 -69 0
-83 -18 85 0
33 62 65 0
20 74 -77 0
27 -78 56 0
-27 16 -91 0
42 -15 58 0
-42 48 -37 0
-96 -91 -35 0
-22 -64 -23 0
7 -75 89 0
35 34 85 0
-57 90 1 0
-29 55 -18 0
-5 -10 -67 0
18 -48 -53 0
61 65 -77 0
68 -49 39 0
63 44 9 0
-23 -83 -26 0
-37 13 88 0
76 -82 29 0
-19 95 49 0
-26 -38 -36 0
-97 71 98 0
-8 -46 -24 0
38 -47 95 0
-9 90 -12 0
59 -34 -72 0
17 -57 27 0
74 62 -65 0
-96 83 71 0
53 -43 -73 0
31 57 67 0
14 24 -97 0
-50 -69 96 0
48 1 -5 0
-91 13 -61 0
-97 -70 -71 0
16 -68 100 0
67 91 -14 0
76 -13 -88 0
60 16 77 0
29 30 80 0
-69 -17 11 0
59 -12 -69 0
37 -47 -12 0
-50 -29 -16 0
73 -76 -33 0
-86 -98 -26 0
-18 -15 -14 0
91 -33 -10 0
-98 -78 28 0
-33 53 21 0
-69 -90 -4 0
32 -18 -36 0
47 56 76 0
-94 42 26 0
-80 -82 88 0
24 2 -78 0
37 -6 -63 0
-42 56 14 0
73 52 8 0
47 -23 46 0
6 68 -2 0
-60 17 38 0
-40 97 -44 0
88 21 77 0
81 -56 -96 0
-17 19 85 0
85 -7 41 0
-63 -70 23 0
-70 78 16 0
66 -7 -30 0
11 28 59 0
-100 78 -41 0
16 68 -95 0
23 82 -30 0
20 47 -1 0
-28 5 36 0
46 82 99 0
-17 -36 -10 0
-78 23 -66 0
65 27 -74 0
-47 80 -85 0
72 -83 -43 0
40 84 80 0
77 -6 14 0
-58 97 -4 0
10 -37 -41 0
-100 -12 -11 0
58 40 -54 0
92 -13 -51 0
92 -91 72 0
48 -2 97 0
29 -76 44 0
36 -70 49 0
84 -14 82 0
-56 -8 -45 0
84 -86 -59 0
-46 -58 -93 0
46 -40 74 0
-50 -60 -43 0
42 -2 -66 0
15 73 -20 0
-81 39 -85 0
32 -70 23 0
95 -5 -55 0
-75 -29 60 0
-64 -100 -61 0
-44 72 -9 0
-10 -22 -52 0
56 -97 -80 0
-6 -15 -31 0
94 25 54 0
-69 -92 -39 0
47 90 18 0
3 -40 -6 0
73 19 56 0
-28 -19 -94 0
74 -44 -28 0
67 -50 -42 0
-29 42 -32 0
57 -38 -41 0
94 -43 64 0
12 48 -57 0
52 71 75 0
55 4 48 0
17 56 19 0
-89 55 -70 0
-45 90 5 0
-68 93 -90 0
-23 -62 -13 0
-53 99 -21 0
-2 28 80 0
-65 48 99 0
52 -62 32 0
40 -50 79 0
89 79 -29 0
64 -33 22 0
-87 9 -96 0
-84 30 68 0
-24 34 -63 0
-50 63 -91 0
72 -58 -98 0
