c instance by G2
c solution = 1111100110110100111100011000010100010001010111100010011001110011000011100010111001011101010111111010
c Known solution cost is 2744 
p cnf 100 150
w 14 88 59 33 51 83 83 29 35 6 92 75 69 30 82 14 93 53 21 49 41 64 34 29 20 62 82 63 10 79 52 56 69 9 30 61 6 78 15 96 60 31 50 48 40 46 20 22 74 19 88 24 6 97 9 42 58 69 63 82 10 100 24 60 73 70 87 68 17 36 54 79 91 89 14 83 97 47 51 91 87 76 24 29 91 63 26 5 82 77 72 48 52 56 62 47 23 30 59 13
98 33 32 0
82 -54 14 0
-11 -79 86 0
-36 24 -17 0
-24 -68 50 0
-86 -52 -9 0
-96 87 -22 0
-49 -78 93 0
16 34 -74 0
-1 70 -79 0
38 -93 59 0
-85 -38 -92 0
69 -52 -83 0
-4 -52 -90 0
-24 86 15 0
-100 15 97 0
85 82 27 0
-48 -42 -85 0
-14 -45 79 0
52 -86 -43 0
51 84 65 0
-68 22 -58 0
61 74 -28 0
96 54 98 0
-37 44 -28 0
-89 -47 -63 0
-95 5 -63 0
27 -77 51 0
-64 -26 -18 0
26 -32 -89 0
-77 -92 51 0
-77 90 -8 0
49 62 97 0
71 80 87 0
-62 -58 -46 0
100 73 -83 0
78 -12 -10 0
-96 -10 -64 0
4 43 49 0
-100 72 81 0
-40 -13 -46 0
-53 68 22 0
-15 67 23 0
31 -16 76 0
16 73 -21 0
52 84 -78 0
49 -44 93 0
65 64 21 0
-97 -56 -4 0
-71 -98 15 0
77 -53 -60 0
1 -69 -77 0
88 -46 62 0
52 -73 -59 0
40 52 -24 0
-95 -93 -87 0
56 -11 54 0
-15 69 42 0
-5 16 -61 0
-69 43 -89 0
-35 89 57 0
56 93 -70 0
82 56 -30 0
-20 9 -17 0
31 -1 -16 0
21 85 57 0
-65 -44 -51 0
97 47 87 0
-69 -23 -2 0
56 46 -20 0
-44 75 -8 0
25 -20 66 0
-40 -96 30 0
-65 -33 9 0
-90 -97 -49 0
-8 2 -19 0
-94 -70 -81 0
5 80 -71 0
96 56 -95 0
-39 -10 -1 0
18 -45 -17 0
-85 -7 -88 0
55 7 -99 0
23 -45 -61 0
4 39 28 0
97 -4 98 0
31 8 -20 0
47 -42 98 0
58 29 37 0
-40 3 38 0
-8 92 -20 0
11 39 73 0
-58 23 78 0
-63 28 42 0
-6 73 -64 0
23 69 100 0
89 -26 -97 0
57 63 100 0
19 -2 28 0
14 -86 -79 0
-34 13 15 0
-79 -33 -12 0
-99 -11 58 0
-51 -69 -39 0
17 57 -18 0
-42 -75 -38 0
-44 45 50 0
-14 -29 -84 0
32 -69 -75 0
-75 -93 -80 0
20 29 -46 0
76 -77 -35 0
-24 -88 -50 0
-70 -13 68 0
-8 69 -65 0
-44 -31 100 0
-55 -3 -6 0
-96 -67 -30 0
-32 3 45 0
69 74 -24 0
16 96 68 0
22 39 -41 0
-29 -7 20 0
69 -65 -77 0
-99 55 -18 0
-91 80 -12 0
-30 -23 -20 0
-18 -57 -47 0
-42 -37 -58 0
48 -18 44 0
-27 41 -44 0
93 67 100 0
56 -66 43 0
81 -76 26 0
6 -72 -92 0
37 97 77 0
51 30 -76 0
36 7 41 0
-54 18 -57 0
-93 72 -37 0
-28 -11 74 0
-70 77 22 0
30 74 -84 0
-59 50 60 0
50 -17 99 0
95 31 23 0
-54 -13 22 0
65 87 94 0
-79 30 -93 0
15 12 -36 0
