c instance by G2
c solution = 0000010100110101011100011101011011111010010111001011110010100110111101110100010010101001010101101101
c Known solution cost is 2633 
p cnf 100 150
w 32 44 18 63 52 90 29 73 80 48 24 52 76 17 36 31 66 51 26 8 99 74 83 22 14 5 51 70 10 92 14 69 14 9 40 44 29 70 43 96 63 89 56 1 12 94 81 60 38 61 52 59 53 79 30 66 39 64 94 15 11 29 78 4 26 21 36 67 63 100 82 2 63 90 31 25 60 15 49 50 88 36 39 89 61 49 64 86 64 89 22 72 62 54 41 73 9 81 43 89
-45 -4 84 0
-21 -88 -35 0
-24 -98 -80 0
83 60 -51 0
29 94 -26 0
-50 -95 -52 0
82 64 -79 0
-3 4 91 0
-18 -87 -71 0
17 57 -51 0
-62 -76 77 0
-7 -49 -59 0
9 -94 85 0
-86 98 -54 0
50 19 -33 0
-65 -85 -32 0
69 -44 -17 0
-6 -65 71 0
84 1 44 0
-29 51 -24 0
-48 -51 38 0
58 90 -42 0
-65 84 49 0
-24 -35 -77 0
91 43 -23 0
-41 9 -55 0
89 29 -43 0
68 -79 26 0
45 75 -33 0
-50 -55 -97 0
1 26 61 0
39 -69 -36 0
-59 -2 -62 0
-62 -78 -48 0
-24 -75 47 0
15 39 47 0
-24 -97 78 0
-67 -40 -82 0
42 10 29 0
-91 -5 -65 0
-66 68 -8 0
-81 -54 100 0
11 -60 76 0
-61 -16 -83 0
-54 98 96 0
-42 30 56 0
-68 23 -60 0
-37 6 -16 0
3 -12 31 0
-26 -57 20 0
-85 74 -70 0
-78 -88 67 0
93 -26 -9 0
70 -52 74 0
-74 2 24 0
-46 31 -33 0
62 54 -17 0
-45 -93 4 0
36 -12 10 0
49 64 -5 0
22 87 66 0
63 -46 -36 0
84 -75 14 0
-76 5 87 0
29 59 -66 0
-35 -50 48 0
-35 74 90 0
-13 64 -70 0
-56 -37 -70 0
-36 95 41 0
91 65 -18 0
-75 -45 -62 0
4 84 18 0
-98 75 -73 0
-4 52 8 0
2 80 -5 0
82 -40 -20 0
-90 -62 -58 0
3 -14 -86 0
-71 99 62 0
-46 16 56 0
10 85 -30 0
14 -24 79 0
77 -89 21 0
-25 23 -41 0
88 -3 64 0
-11 89 100 0
-7 -39 80 0
64 -100 -77 0
-52 43 39 0
-93 36 -44 0
-99 -36 -72 0
84 -55 65 0
-55 9 93 0
33 29 -35 0
-14 -64 47 0
4 -18 98 0
63 -11 -59 0
3 -48 -29 0
15 9 54 0
3 73 -27 0
37 3 -57 0
-68 64 28 0
70 -19 55 0
73 8 -20 0
-63 51 61 0
31 96 -63 0
2 33 32 0
9 -79 -59 0
-90 -6 72 0
-15 -49 32 0
35 84 -54 0
60 6 29 0
69 39 -70 0
86 82 92 0
82 -67 25 0
-14 -92 -10 0
-31 53 -35 0
-81 13 -29 0
-31 1 83 0
-38 -5 60 0
-11 -43 67 0
58 -24 -1 0
54 1 -63 0
92 -88 64 0
89 -66 -61 0
86 -82 13 0
56 -84 79 0
52 1 64 0
88 93 29 0
-47 -59 -26 0
-83 -38 80 0
89 97 60 0
59 75 92 0
-74 11 -85 0
62 -90 22 0
13 -93 91 0
-43 -82 44 0
87 -78 44 0
80 47 46 0
48 73 34 0
81 -90 93 0
-69 82 27 0
30 -28 23 0
-88 53 19 0
17 -92 -91 0
-100 12 56 0
-96 99 -46 0
-84 -65 -47 0
96 -22 -65 0
