c instance by G2
c solution = 0000000101111100011010000011110101010001011110100100100011011010000001010010000101011111011101111100
c Known solution cost is 2215 
p cnf 100 150
w 9 4 60 18 26 85 76 17 15 25 20 38 32 90 68 65 53 97 86 41 92 82 27 14 60 15 42 27 53 56 86 65 62 83 29 25 12 7 24 7 50 15 45 16 83 24 30 45 43 85 25 73 6 53 40 77 35 15 37 5 40 36 57 32 94 80 69 99 14 11 49 77 80 70 62 73 16 2 35 55 52 86 27 73 27 42 15 84 69 78 8 60 94 70 28 54 76 22 4 84
31 66 -99 0
-77 4 -95 0
97 31 -29 0
34 60 -8 0
12 -22 -54 0
75 33 17 0
45 10 75 0
-59 -82 -98 0
-61 58 -12 0
50 -18 65 0
22 70 40 0
-14 33 53 0
-56 6 39 0
3 87 73 0
-75 84 -2 0
-12 5 57 0
96 17 -87 0
-19 -25 22 0
-8 32 -44 0
32 9 87 0
78 10 89 0
-79 82 -67 0
84 -63 36 0
-63 65 57 0
4 -28 -15 0
-1 -59 -97 0
-50 3 11 0
23 42 -12 0
41 -1 59 0
-81 49 -10 0
-42 -39 14 0
33 38 88 0
41 13 100 0
-68 -13 -94 0
-45 -4 -40 0
-61 12 74 0
14 37 -68 0
-2 11 6 0
12 100 -91 0
52 16 -83 0
-7 -80 -52 0
54 37 21 0
25 -42 -73 0
39 -96 36 0
44 21 56 0
-8 -23 2 0
-5 -27 50 0
-85 -65 1 0
4 -24 51 0
20 2 -1 0
37 53 -18 0
-99 -47 -75 0
6 -70 -69 0
-24 -19 2 0
-87 11 -22 0
21 76 -55 0
-67 55 74 0
-13 -66 71 0
-9 -98 81 0
-47 -39 -57 0
-43 100 -48 0
40 -85 74 0
7 6 91 0
85 73 65 0
39 -56 -61 0
38 34 83 0
23 24 27 0
51 27 -39 0
10 -44 -84 0
-58 -7 -40 0
-94 -80 12 0
35 44 -8 0
52 -82 98 0
-87 -14 90 0
-62 24 69 0
82 -91 1 0
23 -64 99 0
18 16 -8 0
86 -36 -22 0
-10 -18 92 0
26 14 -27 0
-34 -15 -84 0
-45 -46 -8 0
-95 63 54 0
-95 30 -14 0
-17 -10 -21 0
-64 47 43 0
81 -16 -72 0
-84 8 -72 0
2 -71 20 0
-29 -66 24 0
-96 70 -12 0
74 -94 -22 0
41 65 -3 0
-65 44 -47 0
-33 15 89 0
94 74 13 0
52 -76 98 0
-47 -100 67 0
-21 -26 67 0
-77 -47 -8 0
51 39 -2 0
31 71 -5 0
-38 -42 -72 0
-90 -92 -52 0
-14 -91 47 0
53 76 -14 0
68 19 -21 0
-78 -87 -84 0
29 -96 -9 0
37 46 -93 0
23 -42 43 0
-18 -57 -1 0
-85 -29 60 0
-54 79 -14 0
61 31 46 0
-49 68 93 0
31 -13 84 0
4 -74 -40 0
37 -41 -95 0
-81 -94 51 0
29 -28 89 0
-36 -72 -79 0
-85 -20 37 0
56 14 -28 0
-18 -53 94 0
76 51 -7 0
-51 -43 -73 0
50 36 -78 0
70 37 -15 0
-12 28 35 0
48 95 89 0
54 -6 -11 0
79 86 -75 0
-97 38 -55 0
-26 67 18 0
-72 48 -76 0
-96 -61 -37 0
52 -81 55 0
-14 54 72 0
-17 88 51 0
45 17 73 0
23 75 -21 0
-51 -82 -85 0
-13 -31 -19 0
9 95 31 0
-34 -11 80 0
-35 -80 74 0
35 93 -68 0
-89 -85 -50 0
