c instance by G2
c solution = 0110001111100010111001000010010110011001100001111100101001111101011011111010010110010000001111010011
c Known solution cost is 2736 
p cnf 100 150
w 61 2 68 93 48 19 80 93 47 5 1 32 8 39 45 56 30 43 7 5 30 99 50 34 17 47 38 30 98 13 87 62 87 84 89 88 29 13 11 69 16 54 31 71 7 47 86 71 56 80 87 80 87 50 96 62 8 45 91 63 70 40 41 8 62 10 88 87 16 15 8 71 97 84 64 55 56 78 89 76 36 98 92 93 43 95 29 88 48 61 7 77 79 57 80 38 27 90 39 25
-35 -36 97 0
-7 60 97 0
32 47 82 0
-40 -75 -79 0
32 1 -89 0
76 -46 -97 0
-76 82 86 0
-36 -96 -20 0
-89 -60 90 0
61 -62 42 0
5 61 -48 0
5 -64 -28 0
-33 79 80 0
-57 38 47 0
34 22 -49 0
-29 -10 -91 0
76 -42 -51 0
-26 -55 4 0
38 44 75 0
87 -44 -58 0
79 59 -3 0
-68 45 18 0
66 -100 -58 0
-92 -3 30 0
70 76 -72 0
97 -92 -45 0
9 86 70 0
-41 50 94 0
87 12 -77 0
31 19 -2 0
-90 60 -78 0
97 42 -14 0
40 -87 53 0
-95 -22 48 0
-36 -23 -47 0
-17 -8 -86 0
-24 8 77 0
79 -12 16 0
92 15 -67 0
-58 -8 -13 0
-87 -46 -17 0
74 26 -24 0
-7 -20 -52 0
3 74 35 0
35 -37 93 0
7 14 -50 0
63 89 -34 0
23 56 91 0
97 53 39 0
-54 39 -75 0
59 62 76 0
-38 19 42 0
-18 -48 -83 0
13 65 -95 0
-30 86 -90 0
-39 72 -52 0
55 79 -60 0
9 -93 -86 0
-100 76 49 0
9 44 -67 0
22 37 77 0
-29 24 -37 0
-92 64 -37 0
1 -31 -2 0
34 -21 65 0
2 63 90 0
-50 79 96 0
18 84 68 0
-10 99 87 0
73 -66 95 0
-46 29 -52 0
15 63 52 0
40 1 71 0
-51 -10 -93 0
-48 10 -53 0
72 -46 65 0
32 -20 -82 0
57 100 35 0
6 -9 -42 0
98 87 81 0
21 40 4 0
-36 -99 71 0
82 -65 -61 0
-99 57 -1 0
76 54 -26 0
-96 -93 67 0
-41 13 -82 0
5 -38 -72 0
-14 1 4 0
-33 -26 -50 0
-88 -94 -60 0
92 -19 57 0
-60 62 4 0
33 76 90 0
5 8 28 0
-25 19 86 0
-94 -56 -3 0
35 -30 37 0
-4 -47 76 0
-53 -91 36 0
28 92 87 0
21 -85 -77 0
-19 -42 83 0
-69 -7 -63 0
-99 -7 19 0
50 -94 45 0
-30 -5 -41 0
27 -23 -82 0
-59 -81 41 0
-62 -3 17 0
82 -75 -39 0
6 -18 48 0
87 -25 -47 0
-17 95 -85 0
29 -67 27 0
54 52 -98 0
-37 -44 -74 0
-94 -25 -33 0
-64 82 22 0
48 -36 90 0
-31 14 25 0
94 55 19 0
18 74 -94 0
-48 42 -16 0
-95 -72 73 0
-17 13 -6 0
-3 69 -9 0
78 -73 2 0
78 20 77 0
94 1 -3 0
-68 -61 54 0
-78 3 -41 0
68 -22 32 0
2 89 -7 0
78 -85 91 0
37 57 76 0
84 98 -64 0
-11 47 38 0
12 14 -74 0
95 -3 58 0
7 99 72 0
-74 -91 -60 0
-43 14 -22 0
-22 6 2 0
17 74 -10 0
-49 11 4 0
10 11 8 0
-92 77 -57 0
-83 -60 47 0
46 13 -15 0
