c instance by G2
c solution = 0010000100011001010110010110100111110001101001110101100111001010101001000011101100111101001000101000
c Known solution cost is 2369 
p cnf 100 150
w 68 29 84 29 43 15 14 72 2 98 90 52 26 37 87 71 17 18 25 48 82 36 77 93 99 38 14 49 25 48 69 1 74 34 66 9 25 10 30 31 29 64 62 77 64 85 67 71 55 87 89 4 17 62 57 83 4 66 21 43 9 12 72 60 87 67 29 96 74 61 92 8 34 31 79 13 93 60 68 71 89 74 61 58 22 26 9 40 18 13 90 3 20 84 35 80 42 26 4 56
92 -51 -48 0
-2 81 72 0
-32 11 48 0
26 95 -80 0
-37 -77 73 0
90 -98 73 0
75 83 36 0
94 -85 35 0
-18 -73 10 0
41 -19 26 0
-47 42 -19 0
-21 -71 -85 0
-4 -47 -55 0
-62 -27 82 0
44 3 82 0
84 87 -41 0
-69 -46 11 0
69 -73 2 0
-65 92 -7 0
-70 100 -94 0
-81 -26 9 0
87 -54 -99 0
92 -4 -2 0
82 -32 70 0
-33 -91 -11 0
-58 -54 -98 0
-42 -80 -40 0
-42 54 63 0
-50 18 -16 0
-64 71 -48 0
-41 26 -3 0
-49 -27 -85 0
-100 49 28 0
42 -14 -51 0
-1 28 10 0
-68 64 -75 0
53 -27 -46 0
-24 46 -91 0
-57 100 -38 0
-73 -64 79 0
63 38 28 0
-27 -89 15 0
99 -39 7 0
-39 -62 31 0
14 47 55 0
92 -20 -37 0
99 -25 49 0
-56 21 7 0
-97 -35 12 0
53 -8 -64 0
49 -66 60 0
-25 -30 71 0
20 -73 21 0
-60 -63 35 0
3 67 39 0
19 91 7 0
20 59 -35 0
-58 82 -4 0
54 4 -99 0
-55 -9 33 0
57 -71 21 0
13 100 -8 0
-92 81 28 0
-77 29 -92 0
-91 -98 92 0
-92 56 -24 0
-12 74 56 0
-44 -32 -29 0
68 84 -25 0
86 -40 -90 0
22 -87 -10 0
-33 59 29 0
15 -30 22 0
-22 2 54 0
-41 80 -43 0
100 -45 11 0
32 -40 62 0
31 73 -23 0
-83 -41 -25 0
-63 16 30 0
19 -57 -55 0
-3 -6 92 0
69 -48 85 0
-18 31 57 0
-9 7 -12 0
11 -59 -43 0
15 59 -11 0
-27 -12 -42 0
86 6 94 0
-87 82 98 0
19 -74 -3 0
92 47 -21 0
24 -8 64 0
79 42 -12 0
87 -29 83 0
-13 34 -53 0
-3 29 90 0
76 57 51 0
96 -28 -46 0
96 -94 100 0
-72 -24 49 0
2 97 72 0
40 -33 -36 0
77 -41 -61 0
50 25 69 0
-36 30 88 0
-60 -41 -95 0
6 3 -84 0
41 91 68 0
19 -82 -80 0
65 -40 -50 0
27 28 100 0
17 -33 -15 0
45 -28 -56 0
-77 15 -14 0
55 11 95 0
43 11 -97 0
58 -40 99 0
52 -63 51 0
-5 -35 55 0
33 -83 6 0
-56 -27 75 0
9 94 -96 0
4 61 42 0
3 70 -1 0
86 100 -28 0
19 39 -78 0
-91 76 62 0
93 36 78 0
-16 -76 8 0
1 56 92 0
-89 41 9 0
89 -72 52 0
-89 -95 -61 0
-10 9 59 0
24 -30 16 0
-90 9 -33 0
-65 -5 11 0
67 6 -63 0
-50 73 80 0
-73 76 99 0
64 -95 41 0
34 -47 -4 0
98 -31 62 0
-34 87 -17 0
-92 54 59 0
-18 87 33 0
17 89 -93 0
-58 3 -8 0
-76 87 -54 0
