c instance by G2
c solution = 1011000110100101001001101001100010001010110010110110100110111000000001000110010001000101000010010100
c Known solution cost is 2040 
p cnf 100 150
w 51 79 69 60 87 98 92 45 95 67 39 8 84 29 20 60 33 34 94 63 6 24 38 25 58 13 54 41 16 25 65 11 65 56 89 81 12 29 40 20 16 13 2 80 20 13 98 34 72 49 71 94 45 16 87 87 24 87 21 81 79 100 31 18 33 75 5 87 25 8 67 37 50 6 57 20 53 93 29 53 71 56 27 28 98 86 70 57 10 7 13 34 83 94 16 91 32 29 63 77
39 72 18 0
-17 24 18 0
-66 58 70 0
34 -4 88 0
68 64 -71 0
30 12 -95 0
5 -18 80 0
-23 -86 -54 0
64 -66 36 0
30 16 -4 0
54 -85 40 0
36 68 -94 0
25 -42 -98 0
11 51 -55 0
-57 38 -35 0
49 13 1 0
65 22 -21 0
50 69 -42 0
-16 13 -26 0
-92 -74 69 0
68 -6 15 0
-23 75 20 0
-7 62 95 0
-60 -9 -15 0
-69 43 77 0
-8 -82 -27 0
-52 96 -58 0
-48 15 -63 0
26 42 -22 0
-93 -64 70 0
5 10 -36 0
-21 2 -1 0
30 93 17 0
18 15 4 0
99 -72 30 0
-79 71 -57 0
17 -65 34 0
-59 89 -34 0
-76 -51 97 0
-79 -19 12 0
70 -53 73 0
97 -58 68 0
7 45 -75 0
22 -11 -28 0
-77 -57 90 0
-90 45 -31 0
35 -87 13 0
72 -90 85 0
75 -20 -79 0
15 -97 -29 0
41 -67 99 0
-22 82 -92 0
-60 7 -100 0
97 -44 58 0
76 68 -80 0
52 42 -71 0
97 72 41 0
-2 69 98 0
-82 28 -25 0
-46 85 91 0
-96 58 74 0
-48 -81 18 0
-95 -41 5 0
-29 80 82 0
-79 -46 -14 0
51 -45 40 0
38 -20 5 0
33 89 12 0
53 -88 5 0
-3 60 55 0
-60 -41 -83 0
-53 90 19 0
-20 -80 -17 0
-39 -12 -88 0
19 -79 -42 0
7 -53 45 0
-62 5 -93 0
7 59 -19 0
39 -27 61 0
78 -100 -70 0
-40 11 9 0
-25 76 -72 0
-38 -24 -3 0
85 -55 81 0
1 -56 -23 0
-41 -19 -13 0
-18 -60 9 0
-89 85 67 0
100 -43 -82 0
-9 47 15 0
-47 81 29 0
3 -14 -96 0
24 70 85 0
-68 83 -96 0
68 24 8 0
-19 -73 -42 0
35 -74 -2 0
23 -59 49 0
39 15 -16 0
91 96 15 0
11 -29 -90 0
-88 90 50 0
73 -87 -33 0
-3 55 -87 0
55 -16 9 0
-99 46 76 0
58 14 100 0
-96 -60 56 0
-48 -57 25 0
-53 -10 -16 0
-24 35 21 0
-74 -48 -12 0
12 -33 -2 0
10 61 -8 0
-38 -44 60 0
98 79 -16 0
-15 -65 -52 0
-38 32 -9 0
-47 -48 -30 0
76 19 38 0
-86 71 -91 0
-80 24 -94 0
17 68 48 0
27 43 37 0
44 -75 -31 0
78 89 87 0
100 69 -30 0
44 -71 58 0
32 91 -52 0
31 -14 11 0
57 31 56 0
36 -32 26 0
2 -49 61 0
-83 -82 7 0
-78 -56 57 0
-56 -74 -49 0
-80 79 -33 0
44 -14 -5 0
86 12 80 0
-82 -67 84 0
71 50 40 0
-64 -45 26 0
67 -4 -63 0
-37 -84 -19 0
-89 -83 45 0
-32 55 -9 0
-100 36 83 0
31 93 7 0
100 -40 18 0
18 -92 10 0
