c instance by G2
c solution = 1101111111010100110010100000111001110101111000010101101010010010101100110111110101011110011001010001
c Known solution cost is 2631 
p cnf 100 150
w 55 88 1 1 8 4 39 33 37 51 94 30 66 16 60 87 77 67 43 69 59 94 95 15 2 20 100 33 23 42 60 100 33 10 66 20 20 51 4 50 86 39 18 84 47 54 76 65 41 77 52 25 65 76 33 96 17 99 59 31 39 53 32 25 51 65 54 26 62 29 86 33 52 6 71 36 71 79 15 67 39 83 4 35 44 92 19 70 21 56 87 61 12 79 81 6 28 56 83 80
59 -55 71 0
58 -24 64 0
79 -55 68 0
41 -39 -25 0
43 -38 64 0
-25 10 74 0
62 -10 21 0
-97 -16 13 0
-74 -46 -14 0
46 62 23 0
-53 54 63 0
39 89 52 0
-4 -72 -3 0
-3 63 -20 0
-13 -42 -85 0
-40 -93 -77 0
11 6 -7 0
13 -100 6 0
24 -40 50 0
-74 2 -57 0
7 58 -60 0
-51 -6 33 0
-33 -36 51 0
48 31 56 0
64 -81 70 0
-28 -76 -78 0
-7 86 54 0
-83 15 -10 0
72 -79 -5 0
86 58 -68 0
-42 1 37 0
-76 -42 10 0
-6 33 34 0
-23 -52 42 0
-80 73 41 0
70 96 -82 0
-60 -17 10 0
-7 77 88 0
-74 13 -15 0
15 -13 20 0
100 -53 44 0
92 -25 -12 0
-40 49 -19 0
-68 -90 -20 0
-58 -59 52 0
-26 -63 -31 0
-42 61 -70 0
4 20 -60 0
-8 67 -65 0
-12 -73 -35 0
-33 -97 -63 0
50 25 3 0
-30 -100 -62 0
-64 37 54 0
-10 -61 -90 0
81 48 -76 0
-47 45 -10 0
-30 87 27 0
-29 -22 -38 0
65 -81 16 0
-1 -41 -95 0
9 27 -91 0
-21 -32 89 0
-91 -14 80 0
-97 -6 61 0
35 -100 32 0
-43 -39 -35 0
13 -71 -44 0
-33 52 -24 0
16 -27 -29 0
6 93 53 0
-53 3 76 0
4 29 -92 0
32 -12 -88 0
-18 -85 38 0
35 -38 46 0
-55 16 65 0
34 -59 -43 0
-63 84 97 0
-18 -45 93 0
72 95 61 0
-37 15 16 0
-18 8 -41 0
53 -52 -96 0
36 -100 -5 0
-94 -67 31 0
71 46 51 0
81 -82 60 0
-95 -20 79 0
51 -86 94 0
14 93 -7 0
-20 -47 -59 0
5 26 32 0
66 -11 -38 0
-49 39 -77 0
-33 -81 -17 0
79 44 12 0
-21 59 -61 0
-59 -60 25 0
-36 79 75 0
31 33 -74 0
95 -94 40 0
82 -48 -77 0
-89 -76 45 0
-6 77 97 0
-31 17 -4 0
-66 -14 -72 0
-90 21 -11 0
-67 -31 -79 0
-63 -53 -89 0
-59 -31 -78 0
-88 46 -34 0
-21 79 90 0
-8 47 7 0
-9 -99 -78 0
92 78 -17 0
15 -58 5 0
-6 -21 63 0
28 -23 30 0
-41 -59 -43 0
74 47 92 0
-43 -35 85 0
-45 9 78 0
85 1 3 0
-3 89 -1 0
-4 -69 -91 0
13 -80 -51 0
-75 91 -21 0
36 -42 62 0
-85 -27 57 0
-34 38 24 0
-68 55 -91 0
-95 54 81 0
-48 43 -23 0
66 -67 -56 0
-81 56 -41 0
47 22 -98 0
73 -78 -20 0
-48 57 -46 0
4 -91 61 0
56 -92 49 0
9 5 61 0
46 39 80 0
83 -85 -24 0
-76 -1 -54 0
-36 29 88 0
-21 -16 -40 0
-63 57 45 0
-58 73 -57 0
18 89 -91 0
