c instance by G2
c solution = 0010110100110011101001000011110011001011001101100110000100001110110001011111111010101001010010111101
c Known solution cost is 2733 
p cnf 100 150
w 47 30 37 29 83 37 64 95 38 69 74 37 73 71 75 30 37 97 79 85 70 40 15 23 22 23 25 68 11 42 40 49 22 38 53 12 91 66 31 2 34 56 100 81 98 94 23 44 9 48 73 68 75 31 49 77 77 25 66 13 48 40 81 88 11 26 6 80 26 94 47 7 16 74 21 88 41 40 48 96 64 37 84 93 38 25 56 33 10 23 33 93 52 46 66 70 96 67 24 55
36 64 -68 0
-61 11 -63 0
42 25 -64 0
66 -96 -5 0
-65 -76 8 0
-16 82 -9 0
-77 -20 100 0
-18 77 -70 0
-38 -93 67 0
80 1 -42 0
-83 65 25 0
52 -43 56 0
-88 56 -70 0
58 -55 -96 0
28 -19 -95 0
-86 -3 87 0
20 -53 -22 0
23 -9 -81 0
-64 -75 90 0
87 -35 -29 0
13 33 -46 0
34 91 25 0
32 24 -48 0
-61 92 70 0
54 92 -4 0
64 -5 30 0
-29 -79 -99 0
-3 -57 87 0
46 -62 -5 0
42 -8 74 0
-15 67 -60 0
-12 -1 -83 0
-73 -46 40 0
-31 71 35 0
-88 -96 -10 0
-81 73 -6 0
73 89 -72 0
-81 -58 -85 0
36 -62 -94 0
32 97 47 0
44 -28 14 0
-80 -44 -79 0
-61 54 -55 0
60 -67 -30 0
1 61 -56 0
24 -37 63 0
25 -92 52 0
79 69 7 0
-93 81 52 0
-73 -67 -69 0
-91 42 -27 0
67 24 -68 0
50 18 -61 0
-29 26 -59 0
-76 -25 49 0
98 -17 -78 0
27 99 68 0
54 -31 -98 0
42 -74 -41 0
12 7 -56 0
-48 80 -28 0
48 -74 -18 0
-36 -34 -19 0
-27 -17 -49 0
88 -31 -95 0
95 -93 -47 0
-68 79 -57 0
-74 51 -85 0
-41 32 13 0
53 -77 -89 0
7 37 80 0
88 74 50 0
-68 34 -74 0
-61 96 2 0
1 -45 -44 0
-7 89 -97 0
49 22 10 0
34 -54 -50 0
33 91 41 0
-20 -43 64 0
-21 -29 14 0
43 36 9 0
-87 -3 -73 0
2 96 -31 0
7 71 90 0
85 -66 -78 0
-97 49 5 0
78 65 97 0
-72 -82 -98 0
-86 64 37 0
-58 -31 -97 0
-39 -89 71 0
58 -70 8 0
100 32 45 0
74 16 94 0
-71 -61 42 0
52 -10 25 0
-23 -12 -46 0
84 7 28 0
-10 30 16 0
-50 -100 -54 0
88 -60 16 0
71 69 11 0
78 -97 38 0
17 -99 -88 0
94 -26 -22 0
25 4 -13 0
49 93 -44 0
29 -15 55 0
-14 -19 49 0
-80 2 -3 0
-45 80 -90 0
16 82 4 0
64 24 15 0
60 53 97 0
-46 9 77 0
-95 10 -36 0
88 69 52 0
69 80 76 0
49 26 17 0
4 -33 -32 0
87 -98 -69 0
73 56 -10 0
-51 -78 -71 0
44 41 -26 0
-37 -42 92 0
-97 19 87 0
26 63 -77 0
3 -85 -66 0
8 -100 -17 0
75 1 41 0
31 -75 83 0
-40 -8 -26 0
61 -74 -95 0
-63 -93 47 0
81 -51 -8 0
-24 -79 -63 0
-79 62 64 0
6 -74 20 0
84 100 -95 0
-56 18 3 0
-10 9 -86 0
7 -2 -93 0
-77 69 72 0
-85 -33 39 0
-100 -84 -15 0
54 27 -70 0
-74 -17 -52 0
60 -92 -26 0
-93 -30 90 0
