c instance by G2
c solution = 0001011010101011101101111010001100100001011110100000100111101001001110011111110101001110011001100101
c Known solution cost is 2627 
p cnf 100 150
w 4 22 48 99 68 86 11 93 46 78 16 16 81 6 61 6 46 75 54 40 44 12 81 37 76 89 34 34 24 15 45 49 31 99 17 74 27 90 28 83 32 77 4 10 87 22 29 72 36 57 71 23 87 18 64 22 32 82 3 87 60 36 2 35 56 18 96 37 89 33 68 45 87 35 27 77 1 2 53 64 68 51 77 19 95 71 27 86 94 79 4 9 51 56 85 10 85 40 6 51
80 88 34 0
-63 66 35 0
87 45 -12 0
-48 -14 -24 0
-84 -7 -18 0
-35 12 -70 0
-73 53 -42 0
4 -59 -64 0
93 -5 7 0
-3 11 -22 0
39 -72 -51 0
-29 38 66 0
-22 71 -10 0
86 -57 -69 0
-95 69 -67 0
100 -72 3 0
-11 -95 91 0
5 -99 -45 0
-73 -13 -14 0
-42 -76 6 0
-24 59 38 0
-24 -87 61 0
38 -69 -50 0
16 -19 83 0
49 -76 -21 0
37 -55 -45 0
-31 37 -97 0
-15 -98 9 0
84 78 -90 0
58 -32 1 0
-15 95 51 0
10 -33 -22 0
-1 -61 -59 0
84 45 80 0
17 -79 -26 0
-82 87 29 0
-39 -13 58 0
-58 -44 43 0
-6 -81 -67 0
-79 -41 36 0
60 34 17 0
11 15 83 0
-43 2 73 0
88 -11 -41 0
39 -9 20 0
79 10 -30 0
-76 64 -15 0
98 32 75 0
-45 79 59 0
10 -57 16 0
22 83 41 0
65 -45 -96 0
-74 -31 98 0
-32 -9 -46 0
44 63 36 0
76 23 -19 0
-34 63 3 0
28 14 59 0
69 21 79 0
-53 -17 40 0
-31 -87 -49 0
44 -89 63 0
-19 34 -12 0
13 49 2 0
41 6 28 0
-26 49 62 0
-41 34 -15 0
31 -3 46 0
-77 40 -45 0
-21 -44 26 0
39 -19 35 0
-38 -69 63 0
41 -66 -7 0
71 -91 -37 0
-92 -61 14 0
89 -7 -36 0
-4 70 -30 0
84 27 -98 0
23 12 -50 0
-84 41 -87 0
15 49 38 0
-8 -75 -15 0
24 3 -61 0
69 34 37 0
-54 -64 10 0
-97 -89 84 0
39 -35 -5 0
-22 -57 74 0
41 79 -18 0
34 3 -62 0
98 75 48 0
48 14 57 0
81 11 -65 0
-82 21 31 0
-85 -61 58 0
99 66 -36 0
50 -89 99 0
-16 -24 -52 0
70 39 45 0
91 -45 -24 0
-90 -72 -93 0
-91 -55 93 0
98 -89 14 0
-85 -26 69 0
-9 -71 -78 0
-75 -19 -65 0
-51 -64 -77 0
-75 -79 -6 0
-61 88 23 0
-42 -69 -88 0
76 -91 96 0
-27 2 82 0
-13 -48 62 0
66 -52 -95 0
84 56 92 0
41 25 -15 0
79 -63 97 0
-5 -23 -78 0
5 -95 47 0
-19 -44 68 0
10 46 32 0
90 62 50 0
53 34 -81 0
12 75 -35 0
85 -69 -34 0
33 -95 -1 0
-2 66 37 0
-58 -82 40 0
-19 45 30 0
77 -69 12 0
89 -28 33 0
24 -61 11 0
80 -38 97 0
88 -22 19 0
-40 -50 -18 0
-60 -75 -90 0
58 -7 -63 0
94 8 14 0
97 85 -13 0
-1 15 -2 0
-23 79 11 0
62 42 1 0
-22 100 8 0
72 -20 30 0
-57 36 -3 0
-83 -77 62 0
70 -77 82 0
66 -64 -39 0
93 -68 67 0
62 46 7 0
