c instance by G2
c solution = 0000001111100110111001011011000010001111001110110110001101011001101010001010010111111000000010111011
c Known solution cost is 2459 
p cnf 100 150
w 57 26 92 35 32 74 70 58 88 90 28 25 65 54 12 86 25 15 25 85 32 76 12 99 11 17 9 98 27 60 19 14 62 40 58 22 33 80 4 2 89 30 54 6 6 93 98 70 60 13 16 91 40 48 97 33 84 51 29 89 13 58 6 15 45 78 94 28 45 58 21 37 54 74 3 61 5 30 28 97 59 4 34 70 84 80 38 60 16 11 1 71 36 19 34 24 72 2 91 83
-69 85 -60 0
62 -72 26 0
97 71 30 0
34 61 91 0
36 84 -3 0
-49 -19 -100 0
-39 -76 52 0
36 58 20 0
73 91 52 0
3 -32 6 0
-11 -48 -76 0
6 -93 84 0
61 48 -21 0
-90 22 -76 0
-11 100 -31 0
67 -17 -37 0
-7 12 17 0
48 -24 98 0
12 -29 63 0
-95 -65 51 0
-82 -97 -13 0
77 12 27 0
81 13 -60 0
14 97 85 0
-99 -50 24 0
72 -87 85 0
-2 -8 13 0
-66 -43 77 0
79 1 69 0
76 -21 34 0
7 -55 90 0
-19 -20 34 0
60 68 21 0
29 86 75 0
55 -10 -28 0
41 9 -39 0
-73 -39 -3 0
74 58 -19 0
77 -65 -91 0
30 -71 -5 0
-17 -89 76 0
-69 -6 -24 0
-4 -100 -61 0
-99 -53 77 0
-59 -51 -10 0
-51 40 57 0
100 42 91 0
-47 18 -27 0
1 80 -18 0
-18 93 97 0
38 22 -77 0
77 -41 -82 0
1 -77 -40 0
-24 59 -68 0
5 49 10 0
6 31 82 0
-85 -36 -40 0
45 -27 -8 0
-12 94 -50 0
28 -79 48 0
-24 -39 -92 0
-84 -4 17 0
-77 52 98 0
15 -13 -25 0
-81 50 -57 0
41 98 33 0
-48 56 -78 0
-44 -94 41 0
-83 65 -31 0
-5 23 100 0
55 -64 -73 0
89 -69 -88 0
92 -9 -74 0
28 -96 -81 0
73 -6 -96 0
16 -25 -70 0
11 92 -15 0
-56 16 -29 0
90 -73 100 0
17 -96 -80 0
-87 21 -61 0
64 -43 32 0
67 87 12 0
-70 -83 53 0
83 88 -18 0
-81 -60 -42 0
-42 -36 -64 0
-28 29 -49 0
-11 -71 -50 0
-80 -62 46 0
-79 68 -83 0
39 52 35 0
21 93 66 0
-55 8 -73 0
-99 87 65 0
-91 87 -85 0
-7 -46 -48 0
47 81 -79 0
92 -84 -54 0
-77 18 -40 0
79 93 -43 0
-83 61 -15 0
46 -11 -23 0
4 87 56 0
21 50 65 0
-73 63 -16 0
89 54 -20 0
-56 -58 25 0
15 36 -61 0
-31 1 89 0
65 -51 -83 0
91 -59 2 0
-45 26 22 0
-82 99 92 0
68 44 -37 0
79 38 87 0
14 -55 90 0
90 3 99 0
66 86 -57 0
49 96 94 0
13 -35 -47 0
33 35 66 0
16 -14 -86 0
65 -40 4 0
90 52 -34 0
-98 -83 35 0
57 11 -60 0
37 -97 -58 0
-98 -3 -74 0
36 -5 26 0
-99 63 78 0
50 32 62 0
-49 -17 -60 0
65 -5 11 0
90 46 -63 0
-80 -1 -19 0
-26 -70 59 0
-31 81 12 0
95 72 53 0
-61 -52 -78 0
-18 6 19 0
-30 16 68 0
-69 -90 16 0
-96 -95 -26 0
-38 85 -80 0
35 47 -80 0
88 43 74 0
63 92 73 0
-37 -25 61 0
-85 -97 73 0
