c instance by G2
c solution = 1010000101000111000011001111001010101011000101110111110000011100010111111000110000100000010001001011
c Known solution cost is 2281 
p cnf 100 150
w 46 46 79 20 59 35 89 38 97 6 93 95 88 1 33 26 44 94 26 75 34 88 41 47 87 11 65 92 9 5 14 44 80 49 55 5 95 84 44 62 23 18 73 38 81 89 59 90 4 7 63 63 7 73 76 70 78 59 57 2 82 91 35 53 82 3 9 19 13 70 37 77 56 6 29 43 40 24 22 36 28 98 32 21 65 12 98 48 96 75 32 2 18 37 48 51 94 11 11 73
9 -15 99 0
-82 -62 5 0
75 34 -57 0
-80 56 76 0
-71 -10 -12 0
9 -18 -16 0
-19 -53 36 0
-68 20 -96 0
9 -5 73 0
-25 5 -63 0
-60 -36 80 0
-79 -14 11 0
-36 -23 74 0
-8 -13 98 0
76 -25 26 0
-87 17 -52 0
79 -43 -54 0
5 10 -35 0
-81 56 -83 0
-29 -66 41 0
92 90 86 0
18 79 -32 0
-77 22 5 0
-9 94 -60 0
-20 -73 -1 0
-66 36 -4 0
-44 -77 -81 0
-11 12 27 0
-97 -16 78 0
-48 -78 60 0
58 -42 13 0
-40 -44 70 0
-48 -21 -38 0
48 19 -25 0
-31 83 34 0
87 -16 -6 0
-67 80 85 0
-14 39 -97 0
-92 -35 89 0
-18 96 9 0
50 -59 -40 0
35 -94 12 0
46 -70 22 0
7 -98 79 0
-4 29 95 0
58 -24 89 0
-41 -33 -9 0
95 6 -64 0
34 -48 -7 0
77 -62 -72 0
-78 -56 -15 0
-15 -55 43 0
-27 83 -97 0
-49 18 67 0
12 76 8 0
-54 -95 12 0
-90 27 -10 0
48 12 42 0
84 -86 1 0
-97 16 31 0
-90 -69 -23 0
41 81 73 0
13 3 -52 0
14 -3 65 0
-63 66 -55 0
1 73 -79 0
50 30 91 0
45 95 28 0
-66 -24 44 0
98 54 23 0
85 -49 -71 0
-26 -30 5 0
-37 63 100 0
-27 -54 53 0
67 51 -99 0
29 74 61 0
-46 89 72 0
-43 82 -11 0
25 -83 56 0
30 -100 -82 0
84 81 94 0
83 -52 -48 0
93 98 -20 0
53 67 86 0
-100 60 15 0
13 70 -28 0
66 -51 100 0
-53 -90 -86 0
95 9 -34 0
-31 -65 -33 0
29 -54 31 0
37 5 -22 0
-23 38 34 0
97 65 -77 0
37 63 74 0
44 -99 -46 0
73 93 -16 0
67 -84 -24 0
21 -68 63 0
59 -46 -93 0
-40 42 -36 0
29 -9 79 0
16 -48 -89 0
-36 -98 -47 0
-16 1 92 0
-49 64 85 0
-27 36 -75 0
18 -78 -43 0
-91 59 -26 0
-35 33 45 0
-66 52 41 0
46 -37 -39 0
29 4 -58 0
-72 77 -41 0
34 -17 -33 0
6 33 43 0
-97 41 40 0
86 -33 -74 0
15 77 70 0
-2 56 -10 0
24 -11 -48 0
42 55 66 0
52 -81 -67 0
44 66 -35 0
56 -68 50 0
16 85 80 0
98 -59 -15 0
47 2 36 0
-9 -67 -6 0
2 -85 -60 0
-13 82 32 0
51 70 -87 0
-72 -10 -84 0
-34 81 57 0
-7 78 -63 0
68 -39 32 0
-77 82 69 0
-69 -45 -31 0
43 -76 38 0
-42 -36 -31 0
-51 15 -94 0
69 93 79 0
-32 80 -24 0
-5 -14 4 0
-68 71 -10 0
-89 -3 86 0
-26 -73 -88 0
-68 -25 -34 0
-41 -39 58 0
-68 62 -54 0
