c instance by G2
c solution = 1110000110101000010101101001110010001010111100011111110111001011001000000001000000111101010101110100
c Known solution cost is 2463 
p cnf 100 150
w 1 48 17 85 57 5 50 81 14 67 59 32 50 33 96 50 13 7 56 70 13 98 22 88 20 7 51 94 80 78 4 95 32 7 69 57 20 9 83 10 98 20 53 32 70 81 14 46 11 54 39 52 48 94 81 64 14 80 48 40 63 38 29 56 58 2 86 78 93 60 73 46 96 88 43 28 49 62 70 18 50 35 54 78 20 62 99 78 93 12 92 49 12 85 13 88 34 83 60 18
-86 -68 17 0
82 -81 55 0
-37 -67 94 0
-89 100 -83 0
-98 -72 35 0
19 43 -8 0
-12 70 10 0
-23 40 -6 0
85 32 8 0
89 -97 -98 0
67 -76 -85 0
-22 20 81 0
-75 -33 -3 0
-92 -4 70 0
61 14 -98 0
-28 25 93 0
-16 -1 72 0
-21 17 80 0
-22 52 80 0
87 -47 65 0
44 -48 -13 0
-45 -41 -39 0
-94 -35 -22 0
84 -47 76 0
-8 -80 -88 0
40 83 27 0
-50 90 40 0
80 -62 -9 0
50 32 -82 0
29 23 64 0
45 -26 47 0
17 45 25 0
71 39 91 0
-63 -13 -27 0
50 82 -94 0
-72 45 79 0
91 85 60 0
76 17 46 0
-53 41 59 0
-98 66 56 0
-39 -36 -79 0
54 -43 6 0
61 -21 99 0
100 15 58 0
88 -63 -29 0
-48 -2 -71 0
81 -40 -90 0
-64 -95 2 0
13 66 -42 0
-33 -1 92 0
62 4 96 0
54 -75 -42 0
-85 21 -79 0
-26 -50 36 0
-66 -42 100 0
-18 -51 22 0
66 -24 -84 0
-84 -91 -94 0
-17 -90 -95 0
-23 -41 -74 0
1 -84 55 0
75 -70 -39 0
14 -99 82 0
72 -19 6 0
-63 -82 -57 0
-42 -73 -63 0
-44 -38 -85 0
-46 -48 36 0
-77 17 15 0
9 -43 97 0
-45 37 -88 0
-33 85 -90 0
-81 66 99 0
-28 91 -71 0
-65 -30 -58 0
62 21 -7 0
66 -79 40 0
-23 -43 -100 0
-50 34 -60 0
15 5 48 0
49 100 20 0
49 -37 -52 0
-44 83 39 0
-88 51 38 0
-23 -1 -5 0
90 84 -85 0
79 98 60 0
83 -65 28 0
-44 -59 -2 0
76 -37 20 0
8 48 -46 0
-69 -67 -61 0
12 17 63 0
60 -55 -48 0
47 -22 -27 0
-84 23 78 0
66 -31 40 0
17 -29 18 0
-87 -67 4 0
65 -90 42 0
-25 37 70 0
-49 -66 26 0
-22 -32 -88 0
-28 -26 -78 0
-29 60 28 0
-23 33 14 0
93 -43 8 0
95 -83 -92 0
-74 77 -31 0
57 -21 85 0
86 -1 -23 0
-14 -20 -64 0
46 8 60 0
83 -89 -76 0
12 -44 49 0
26 76 38 0
-8 84 7 0
68 -50 37 0
85 -84 -5 0
57 73 97 0
85 -63 -28 0
-48 -75 -92 0
-74 -69 -87 0
-46 44 24 0
4 32 -93 0
55 69 3 0
-75 -41 -22 0
77 10 -21 0
63 -4 87 0
89 -36 40 0
28 -15 56 0
80 -63 13 0
38 -90 -15 0
65 -10 -76 0
6 87 29 0
-91 74 6 0
64 -89 -68 0
30 75 68 0
-30 -68 91 0
-34 89 -28 0
-8 -9 -32 0
27 59 -100 0
100 -78 -84 0
30 -5 54 0
-63 64 16 0
53 32 60 0
-78 -88 -93 0
-63 -92 64 0
47 78 11 0
63 69 -73 0
