c instance by G2
c solution = 0000111010001011011011110100101010101110010101011100010000110001111110000001001111110001001001000100
c Known solution cost is 2361 
p cnf 100 150
w 11 31 89 43 30 41 54 14 18 28 44 99 58 74 83 12 58 18 6 9 71 25 37 99 89 86 54 87 16 52 59 19 84 74 37 22 47 97 62 66 51 11 10 27 72 79 58 48 27 24 52 59 92 26 61 96 83 42 62 49 99 69 39 17 99 53 100 13 28 53 95 31 28 80 2 68 23 95 96 2 81 41 36 85 5 29 34 69 1 40 37 26 42 81 84 28 79 62 14 72
39 71 -35 0
-49 -64 -11 0
-46 -85 100 0
-90 49 -57 0
89 61 -70 0
-37 8 7 0
30 35 72 0
52 56 76 0
84 56 -35 0
-78 40 -72 0
-25 -1 -95 0
71 3 -1 0
52 87 -61 0
88 -65 -82 0
-63 -64 11 0
-50 69 -31 0
61 -56 -42 0
34 -37 49 0
-41 92 -16 0
-19 96 -58 0
54 41 34 0
-53 -35 4 0
76 59 3 0
92 -4 11 0
-79 95 -45 0
-80 62 -78 0
-6 56 -92 0
11 -37 -87 0
2 11 -43 0
4 91 -93 0
-50 -77 -38 0
24 61 -49 0
-25 70 100 0
-48 -44 -20 0
-94 -49 5 0
58 23 -1 0
82 -22 89 0
90 37 83 0
-34 -68 17 0
-30 2 45 0
-34 -4 59 0
-38 24 -97 0
-74 -63 24 0
52 -99 -5 0
87 -13 -55 0
-54 -78 11 0
6 27 3 0
-77 -16 -11 0
49 -75 52 0
-10 -6 -94 0
98 -37 62 0
89 92 -53 0
-26 -44 -51 0
84 48 10 0
-79 -81 65 0
73 89 26 0
49 14 -29 0
45 -82 -93 0
-26 -78 -64 0
81 -75 -35 0
-46 -26 50 0
-8 2 55 0
-11 2 17 0
-98 9 71 0
29 31 66 0
96 45 64 0
-97 -46 -13 0
-64 -54 -75 0
-40 78 -6 0
-22 -91 -95 0
-11 -42 -12 0
-31 14 -62 0
-35 18 -7 0
-33 -49 67 0
62 -65 83 0
-98 -12 -44 0
43 90 -100 0
-91 -86 -24 0
-86 -91 37 0
-3 -64 85 0
46 -8 -86 0
81 -49 34 0
88 -89 42 0
-52 -83 1 0
-48 -29 -74 0
70 30 19 0
51 -47 99 0
29 12 36 0
-75 -5 95 0
44 4 -52 0
-13 98 24 0
61 -48 -36 0
89 4 22 0
78 2 33 0
-26 10 91 0
-7 6 -18 0
-13 -68 -12 0
31 93 63 0
-33 44 -67 0
36 16 -88 0
61 -32 40 0
66 -27 -71 0
-9 -60 15 0
55 -72 57 0
-80 25 98 0
-57 -91 11 0
66 56 70 0
54 84 88 0
-4 -2 29 0
-28 -64 -26 0
-29 -71 92 0
78 95 23 0
-36 -8 17 0
-51 -100 88 0
-27 -24 -35 0
-56 -29 -26 0
-44 25 -17 0
4 -68 94 0
-98 57 21 0
-95 -43 15 0
89 48 -69 0
-66 92 46 0
69 42 -86 0
-22 40 -2 0
20 90 91 0
-96 -52 10 0
47 41 79 0
55 96 -73 0
13 -38 74 0
20 -33 37 0
-92 -59 19 0
-98 -89 10 0
59 8 -79 0
80 -26 -18 0
-37 -79 -14 0
-60 51 24 0
-64 -84 38 0
-69 100 -90 0
-10 -38 75 0
-90 -26 -14 0
-24 -96 14 0
-67 -80 46 0
51 -56 35 0
72 75 42 0
-45 51 -71 0
60 47 -79 0
70 -67 -57 0
-68 -66 -95 0
1 -27 -60 0
-23 68 63 0
