c instance by G2
c solution = 1111011001011001000100100101110011001001010100100100101100110110000000010001111101111001001001011010
c Known solution cost is 2145 
p cnf 100 150
w 18 94 58 13 40 22 11 15 22 28 62 11 67 4 31 92 73 14 69 20 81 77 59 88 68 60 97 6 22 58 7 23 3 77 50 88 79 27 31 25 87 60 72 70 1 72 16 98 26 46 73 32 43 27 74 76 91 64 69 29 24 26 31 80 57 5 56 41 49 18 22 69 39 53 34 53 16 52 78 48 80 82 1 50 39 89 64 7 93 54 37 28 75 51 66 7 93 45 99 7
99 71 74 0
39 -11 -40 0
-52 -99 26 0
-75 -79 58 0
31 7 86 0
80 -91 -96 0
-1 72 -29 0
11 -36 64 0
-75 83 60 0
-86 5 -60 0
-85 42 14 0
-35 82 43 0
-18 -77 -15 0
26 75 27 0
-85 -68 -83 0
-73 -9 -45 0
-69 -32 95 0
-89 9 -20 0
-92 -72 -33 0
-35 -55 49 0
57 -29 -41 0
-3 83 -85 0
-5 9 27 0
76 -97 -20 0
36 -37 -49 0
87 -4 -38 0
-97 -27 55 0
27 14 82 0
-30 -81 -63 0
-23 32 88 0
-99 -15 -42 0
68 3 -99 0
97 -23 24 0
29 -7 100 0
-94 55 -29 0
99 -77 41 0
91 -95 -81 0
-60 4 67 0
-42 6 -55 0
-15 99 97 0
78 31 18 0
70 75 53 0
57 -48 -84 0
74 -71 -42 0
-79 100 -73 0
70 54 -57 0
56 -97 48 0
-74 -88 51 0
8 -34 -67 0
98 -46 5 0
73 -87 100 0
5 91 86 0
-65 -88 49 0
-100 -59 -7 0
40 -95 44 0
-4 -13 12 0
51 -54 -76 0
18 99 -39 0
27 47 43 0
-47 79 7 0
-34 -83 84 0
57 -42 -95 0
63 19 15 0
-18 -63 39 0
-69 -44 -23 0
11 71 -52 0
-28 90 -57 0
-90 27 21 0
35 75 2 0
4 -44 96 0
-32 -44 92 0
-16 -2 -75 0
-64 -33 14 0
14 -28 -93 0
67 93 -9 0
77 69 93 0
65 -39 -4 0
88 34 -55 0
-53 -21 -44 0
-55 -78 59 0
-85 61 -11 0
-24 -60 -10 0
56 77 30 0
37 43 -28 0
-38 -47 42 0
31 39 -9 0
33 35 -77 0
22 -70 61 0
-25 -63 -28 0
-27 35 67 0
-61 64 35 0
18 89 -14 0
37 54 91 0
-54 -47 64 0
-46 -34 6 0
41 13 65 0
-13 -43 52 0
1 -67 -2 0
-59 -29 88 0
25 30 -29 0
44 -94 -47 0
74 -95 -23 0
-65 12 10 0
63 94 -28 0
-56 -60 88 0
-42 -30 -9 0
25 59 -99 0
2 36 -44 0
27 -2 13 0
11 86 -58 0
-55 -77 16 0
-82 77 43 0
-79 5 -19 0
50 -7 93 0
-9 96 -41 0
46 -10 -38 0
25 23 62 0
79 25 57 0
-83 -40 -98 0
-31 -26 -50 0
17 -69 14 0
21 94 -20 0
10 -34 -42 0
-26 40 -82 0
8 -97 -22 0
-30 62 -83 0
-37 19 -17 0
11 -96 -66 0
-8 -31 -24 0
49 -56 60 0
-89 51 -92 0
28 -84 81 0
-95 -76 -78 0
57 -45 41 0
-3 -28 -51 0
-56 34 -79 0
-63 4 32 0
-72 15 96 0
-92 -15 29 0
-3 52 1 0
-92 -51 86 0
-48 -2 64 0
-37 23 -91 0
20 21 -94 0
62 69 -59 0
93 85 9 0
-8 -72 -2 0
-28 88 -97 0
18 -44 -21 0
-37 80 -49 0
