c instance by G2
c solution = 0101010110110110101100010011010011000011100011010111011010010010011011100011000111000101000101111011
c Known solution cost is 2581 
p cnf 100 150
w 63 5 97 50 33 34 6 70 69 50 82 74 91 85 44 46 8 53 53 92 34 80 67 54 68 42 90 69 41 53 19 4 51 56 81 11 99 50 3 92 88 60 60 40 2 42 13 40 99 53 96 20 22 74 23 22 38 20 13 62 39 100 32 73 59 38 56 27 28 35 53 99 9 80 4 41 66 100 82 94 7 84 99 86 17 53 39 85 56 16 91 52 13 15 35 56 21 14 77 43
-57 23 63 0
90 -83 -9 0
49 25 94 0
62 88 77 0
-98 -14 -95 0
-82 57 -75 0
-92 -53 100 0
-92 99 7 0
-5 -39 36 0
8 -36 -38 0
-95 54 89 0
-69 -24 -47 0
36 -92 -49 0
49 56 24 0
30 -70 47 0
-93 -44 -39 0
-17 -19 41 0
41 16 43 0
-76 77 14 0
-85 -4 -31 0
-46 74 2 0
-10 -41 -53 0
-22 -24 -31 0
16 85 -32 0
38 36 50 0
98 -91 -57 0
-65 -50 23 0
-24 -89 -33 0
-95 -66 -64 0
-76 52 90 0
-51 68 -35 0
-21 -33 -27 0
-58 75 45 0
68 9 58 0
81 -9 -52 0
-8 -69 97 0
-45 -84 -17 0
58 3 4 0
-40 -68 -52 0
-74 -34 3 0
26 -60 -25 0
69 58 -57 0
73 -21 61 0
-26 -100 65 0
-8 6 -61 0
23 82 76 0
51 13 56 0
6 56 -67 0
-73 -40 -36 0
10 -39 11 0
-77 -11 -50 0
47 -61 -46 0
12 -20 -34 0
76 -30 -12 0
-46 -71 80 0
78 -92 -10 0
-81 21 -22 0
32 56 60 0
24 13 -58 0
50 25 -88 0
-15 70 -100 0
74 -90 58 0
-35 22 20 0
23 53 -73 0
-63 -14 57 0
91 -87 79 0
-93 -35 -94 0
19 24 -57 0
-71 -98 -70 0
39 -15 35 0
-67 86 59 0
21 5 -3 0
-61 -14 19 0
-98 -32 49 0
-2 -31 36 0
59 33 5 0
30 43 1 0
47 12 30 0
-14 95 73 0
-59 -70 -50 0
-81 -91 -48 0
-55 99 66 0
-1 -95 13 0
-54 40 29 0
8 -19 36 0
41 -96 -86 0
38 27 -100 0
-77 -99 -53 0
-85 -49 -2 0
-75 -95 86 0
46 20 -16 0
7 12 43 0
26 -40 -43 0
-8 37 -23 0
-16 -24 -33 0
46 44 -39 0
-83 -11 7 0
-70 68 -85 0
-56 47 -54 0
79 -81 15 0
69 -50 34 0
53 -8 71 0
28 72 -82 0
62 -4 70 0
37 44 55 0
100 -14 -39 0
-27 55 -45 0
-76 -73 -51 0
67 -39 3 0
-29 -81 -11 0
69 38 -55 0
-79 -52 18 0
75 -17 32 0
-85 -73 -97 0
-2 -27 -10 0
-40 -72 -14 0
-84 -5 30 0
-80 89 66 0
-18 -52 26 0
43 -72 41 0
79 -36 -15 0
-20 82 68 0
1 -52 48 0
42 45 29 0
-75 -62 -12 0
-37 78 -43 0
25 -37 22 0
-13 79 74 0
-94 34 -39 0
-4 -48 20 0
-16 -57 -63 0
26 -83 -97 0
90 21 -58 0
-85 -28 78 0
36 -2 12 0
19 32 -70 0
-69 17 -52 0
53 73 -44 0
-37 53 -38 0
-55 -15 -38 0
31 -7 -97 0
28 68 92 0
1 -42 -9 0
92 90 -34 0
-17 -93 74 0
2 -37 -62 0
-96 -53 -50 0
-60 -78 -6 0
-21 80 34 0
96 42 5 0
