c instance by G2
c solution = 0100010100100000011010111000101001010101000100101010011001011100110000100110011110110111010011110100
c Known solution cost is 2283 
p cnf 100 150
w 57 54 32 37 76 89 56 46 7 42 35 5 20 56 17 31 61 38 64 52 81 62 66 65 49 100 38 87 15 14 97 28 62 87 53 75 76 22 7 25 66 82 24 47 46 28 35 90 5 37 49 27 63 28 45 99 51 86 41 17 17 67 87 65 52 4 8 30 3 24 99 92 82 24 55 14 37 76 76 62 19 59 2 55 92 98 80 50 80 64 3 96 15 55 14 23 81 56 60 3
30 -12 52 0
42 -3 7 0
60 -71 -67 0
33 -85 -86 0
59 52 87 0
-62 6 -79 0
-7 -81 97 0
-24 -28 -61 0
20 57 -50 0
94 -36 48 0
-25 83 -51 0
-79 -2 51 0
96 -94 26 0
53 30 90 0
15 -39 -51 0
75 -97 18 0
-58 25 -51 0
-47 -4 -78 0
-61 15 -91 0
-34 -75 98 0
-49 -66 19 0
31 -37 92 0
17 93 78 0
74 63 -2 0
77 -67 -8 0
-63 12 32 0
-36 5 -9 0
29 3 -88 0
79 -96 87 0
-76 -92 96 0
-84 -77 -3 0
-81 44 -51 0
-15 -62 70 0
23 -17 80 0
7 -89 -61 0
100 21 1 0
-68 -46 -94 0
-61 70 -20 0
70 40 -25 0
31 92 99 0
89 -5 10 0
70 -68 59 0
-6 15 -100 0
-83 -22 -8 0
60 -21 37 0
8 12 -69 0
-36 -99 -38 0
-14 -80 -61 0
-3 -2 11 0
100 78 72 0
-78 -41 -94 0
-42 -55 68 0
-98 -37 22 0
27 -81 47 0
-52 -78 99 0
-37 -69 -70 0
100 7 -35 0
-65 -95 -33 0
53 -59 43 0
40 -81 12 0
-22 48 -39 0
33 -26 56 0
-88 36 32 0
-42 60 82 0
-27 -75 92 0
-17 -11 69 0
-56 -47 67 0
-83 33 75 0
-8 -10 4 0
-84 18 67 0
-60 97 -76 0
-59 -68 41 0
61 53 -40 0
24 -81 26 0
12 33 2 0
-36 -66 -45 0
11 3 -95 0
-46 33 63 0
59 -77 -21 0
64 -34 93 0
-8 -44 -32 0
9 -26 15 0
-1 4 99 0
62 -94 -71 0
-30 96 14 0
91 -64 76 0
-25 -30 -12 0
-79 -30 -21 0
21 32 -83 0
86 -36 32 0
56 67 -16 0
25 32 -48 0
-41 45 74 0
37 -34 -72 0
97 -96 54 0
97 61 99 0
-71 -70 -65 0
-61 -69 -54 0
-74 -11 58 0
61 67 15 0
-39 73 -36 0
-52 32 79 0
86 64 -21 0
52 -57 -6 0
-96 84 57 0
92 -100 89 0
25 45 27 0
95 -69 74 0
72 38 12 0
-29 16 66 0
-31 -73 52 0
-53 13 -88 0
-89 -99 -40 0
99 13 95 0
-75 23 41 0
-97 -1 83 0
-29 88 48 0
-36 -44 71 0
-24 55 -6 0
-82 76 -34 0
32 -96 49 0
32 52 -43 0
59 -100 -41 0
20 34 73 0
-23 91 -45 0
53 84 -90 0
41 76 -28 0
-97 5 72 0
-4 19 -16 0
-90 79 12 0
81 -58 15 0
56 80 -60 0
26 -50 56 0
-48 -31 14 0
-29 33 93 0
-93 -92 -27 0
-24 65 70 0
-40 52 -37 0
-11 -44 -56 0
66 -34 -19 0
85 60 45 0
-19 -79 96 0
26 -13 -21 0
-95 41 -92 0
2 64 9 0
-98 -77 78 0
-94 -38 8 0
37 21 -96 0
-67 -8 -73 0
-7 46 -26 0
