c instance by G2
c solution = 0110011100111110011100111001011010110000110010110110000010100010001110001100101100011100000001010111
c Known solution cost is 1929 
p cnf 100 150
w 45 3 83 36 89 30 15 94 19 5 24 27 14 60 17 70 51 56 59 50 82 81 47 63 11 41 31 14 49 83 5 24 15 50 56 30 90 53 16 5 4 7 23 79 71 40 4 60 68 41 36 34 44 47 2 48 63 61 60 97 73 71 50 71 79 90 54 89 70 79 1 74 42 5 8 9 42 61 76 66 89 9 27 55 59 3 95 23 52 21 48 76 6 18 35 31 68 48 18 1
14 -84 -30 0
-56 99 49 0
-15 -98 -64 0
25 92 -67 0
90 67 47 0
-62 29 -31 0
-22 75 -23 0
-8 -18 -81 0
-80 -40 -99 0
-77 -67 42 0
-63 55 -21 0
-79 -59 24 0
46 -5 -47 0
93 -55 -50 0
-84 3 -36 0
-96 61 7 0
16 -11 73 0
-77 35 67 0
-48 96 -6 0
61 -76 16 0
-96 -50 48 0
91 64 -89 0
77 -99 72 0
-61 54 56 0
29 -86 23 0
92 41 61 0
51 92 46 0
96 89 -42 0
-30 -14 -26 0
93 92 57 0
-34 -79 81 0
32 35 19 0
37 50 36 0
-87 32 4 0
59 55 -84 0
-19 -17 53 0
60 -42 -82 0
-75 -3 -31 0
70 10 11 0
16 -25 31 0
-23 -15 45 0
22 -29 14 0
-37 -41 -2 0
-13 -2 -49 0
47 64 62 0
-37 -16 -71 0
82 -35 -93 0
33 -40 -61 0
-44 -47 -42 0
-68 -9 90 0
93 38 -39 0
75 -41 -46 0
-82 -78 62 0
10 -66 70 0
7 -59 -32 0
-92 -98 -3 0
50 -41 -35 0
21 63 37 0
-67 28 75 0
67 70 -48 0
89 -54 -28 0
30 -14 -23 0
14 74 57 0
47 -34 -44 0
43 18 69 0
-46 -35 -84 0
-36 17 -53 0
-36 12 -19 0
-69 66 18 0
-8 36 89 0
-95 -53 -63 0
61 -10 66 0
-16 -79 -24 0
-68 -80 41 0
89 -80 84 0
39 -40 94 0
-29 88 -63 0
-90 -21 -34 0
38 95 20 0
-38 -51 -91 0
5 -71 58 0
-10 36 61 0
92 7 -71 0
-1 -35 90 0
85 89 -6 0
66 52 35 0
-88 -11 -3 0
87 -30 100 0
-51 86 60 0
82 10 -34 0
76 -90 54 0
-25 -72 -57 0
-98 38 -95 0
68 78 -13 0
14 92 76 0
-38 43 -73 0
96 -5 -94 0
-18 -95 -81 0
-68 48 77 0
-79 19 -73 0
-45 13 40 0
27 89 28 0
-69 98 -8 0
-15 -85 -52 0
-69 37 33 0
15 89 75 0
90 -31 -97 0
61 39 -9 0
79 -67 -33 0
-94 85 8 0
45 -83 -19 0
61 55 -60 0
71 80 -57 0
-92 11 6 0
-91 32 27 0
66 69 -73 0
-88 4 -24 0
-29 40 -63 0
-43 58 -42 0
-96 -80 -70 0
-83 -68 71 0
-40 38 -27 0
58 -100 -27 0
94 -2 -6 0
46 -78 16 0
75 78 100 0
-4 26 -55 0
-17 -11 99 0
70 -57 -4 0
-73 33 26 0
-98 -67 -58 0
-56 39 -41 0
88 8 -73 0
-13 54 2 0
9 99 55 0
-70 74 -27 0
-75 -63 100 0
65 15 89 0
43 81 74 0
-65 66 16 0
60 -66 -81 0
-30 92 -32 0
87 7 -64 0
-68 76 -40 0
-36 -30 67 0
-24 -34 -99 0
-40 -56 22 0
-48 12 -62 0
-85 6 -28 0
-19 6 39 0
