c instance by G2
c solution = 0111011100101100011010010011110100011010100011011100110100011000100000011010010001100011001000111000
c Known solution cost is 2437 
p cnf 100 150
w 59 63 49 20 10 20 18 58 68 77 12 46 22 82 14 2 72 45 30 57 14 87 76 80 63 92 17 78 65 82 2 53 54 40 94 74 71 96 76 39 47 4 23 75 69 20 22 47 58 100 36 34 38 77 76 46 100 45 58 8 91 24 78 94 76 68 8 41 21 84 23 64 25 99 94 4 4 3 32 77 18 56 40 74 52 53 82 87 62 88 37 86 13 65 76 77 90 6 51 60
34 -30 91 0
-21 88 45 0
-89 -87 51 0
-70 64 12 0
-71 -29 -78 0
49 -95 55 0
8 62 -66 0
81 -59 74 0
24 -21 12 0
42 -76 -49 0
12 92 -77 0
24 -38 8 0
-35 -71 98 0
33 2 43 0
-2 -53 -12 0
-69 48 -31 0
-61 -81 -41 0
14 -75 98 0
-14 -52 89 0
56 59 45 0
-50 56 62 0
-67 -100 -5 0
-38 -65 17 0
-33 93 -97 0
77 -20 99 0
-56 -94 96 0
11 71 -75 0
-58 89 63 0
94 -21 36 0
-67 -45 42 0
-98 -84 21 0
-44 -56 -53 0
-42 -88 -19 0
-56 -62 -68 0
42 -43 62 0
30 70 34 0
10 -25 31 0
90 -81 30 0
-9 -3 -4 0
35 47 -5 0
-60 72 42 0
-9 6 16 0
-32 11 21 0
33 -74 -13 0
93 -11 4 0
64 6 -72 0
17 -10 85 0
83 -7 -48 0
-79 -48 -60 0
-54 98 87 0
-56 8 40 0
14 -12 11 0
-32 31 41 0
-94 -45 100 0
71 91 -13 0
33 -22 25 0
22 84 -66 0
-67 -95 15 0
1 -100 -75 0
100 33 -80 0
-38 -28 54 0
61 -97 3 0
-27 67 75 0
-38 -4 16 0
-43 -14 63 0
45 43 62 0
16 29 69 0
52 -3 2 0
16 -35 86 0
-2 39 -36 0
10 -1 -48 0
-98 75 -8 0
59 96 -95 0
-52 93 84 0
-36 -15 47 0
25 46 81 0
57 -19 -23 0
47 88 55 0
18 -91 29 0
50 76 10 0
-70 -74 44 0
20 -5 -75 0
38 -51 -73 0
22 -41 60 0
-74 -94 6 0
-36 68 27 0
32 -18 16 0
44 40 13 0
-59 -82 -100 0
-21 -85 89 0
52 -62 100 0
2 -37 69 0
-13 -74 22 0
-6 66 21 0
62 40 -10 0
-2 -86 44 0
-24 25 -84 0
-68 -75 -97 0
-93 80 59 0
17 -90 -36 0
-55 -86 -11 0
53 -86 94 0
91 28 74 0
-8 7 -95 0
-48 -19 32 0
-55 -21 62 0
100 -27 48 0
73 -84 -100 0
75 -65 -1 0
-68 76 67 0
-87 63 -69 0
66 -54 -92 0
-37 -70 95 0
-50 -31 63 0
19 33 89 0
40 -96 -67 0
11 -48 94 0
23 -17 34 0
18 -45 47 0
-49 53 68 0
-56 37 -24 0
28 64 52 0
10 20 78 0
-82 78 -13 0
-12 -27 50 0
-7 71 -64 0
-13 97 62 0
-73 -24 48 0
44 -40 -19 0
36 22 -86 0
-6 69 95 0
72 38 -28 0
61 38 -91 0
-46 -98 -73 0
-16 -78 5 0
86 16 -99 0
-38 -40 73 0
3 -27 26 0
54 -11 -88 0
-57 38 15 0
82 22 -32 0
-82 65 -61 0
-51 58 -49 0
-63 -4 70 0
33 31 -26 0
-31 -30 70 0
-47 71 84 0
-89 -36 50 0
-34 -73 22 0
-21 73 66 0
