c instance by G2
c solution = 0110000011000010000110110111011001011010110000011001110110111101010010000111110101010110011010110111
c Known solution cost is 2935 
p cnf 100 150
w 20 96 96 22 62 27 72 52 29 68 30 99 10 67 65 2 28 91 100 81 24 49 78 74 15 1 58 59 21 93 74 31 90 51 36 1 98 2 65 4 46 83 21 75 95 58 52 46 80 52 55 75 100 23 48 93 37 63 98 86 55 50 69 43 55 2 19 31 81 64 87 36 76 14 22 97 49 45 42 32 27 70 88 81 92 39 65 10 32 8 32 81 47 91 53 12 88 43 100 17
-5 39 -62 0
-40 -82 -41 0
-52 77 11 0
37 -21 -82 0
-13 8 45 0
-59 74 47 0
44 -58 -90 0
50 -57 -33 0
29 -6 -2 0
-76 -60 56 0
-88 14 35 0
95 -23 -48 0
26 -87 1 0
47 2 -48 0
-48 26 -29 0
-65 -77 -54 0
33 -39 78 0
-67 92 -11 0
-7 79 -50 0
-91 -56 -35 0
-79 94 55 0
-27 -59 3 0
-78 -47 -83 0
-77 67 41 0
17 100 -76 0
-89 1 -2 0
72 79 -50 0
67 87 -2 0
81 -39 15 0
93 16 -66 0
94 -88 95 0
-12 22 -41 0
81 34 -42 0
52 43 67 0
-57 70 84 0
23 92 -59 0
41 -90 -30 0
-34 88 -38 0
56 -96 -48 0
93 99 -28 0
-68 -60 71 0
30 79 81 0
-50 6 26 0
65 64 -48 0
76 -78 -61 0
59 24 13 0
29 96 55 0
-15 -62 -97 0
7 -43 -24 0
-49 -22 7 0
73 -81 17 0
90 76 93 0
-53 95 -59 0
20 30 25 0
-86 57 -81 0
10 16 94 0
-74 -46 -36 0
-75 41 70 0
-16 -7 -40 0
87 45 -30 0
41 100 49 0
-88 65 -62 0
37 -76 -31 0
-64 -56 -17 0
-94 -80 -61 0
75 -57 -11 0
-3 66 56 0
41 74 -23 0
13 24 -99 0
-32 -24 46 0
-91 43 -19 0
-55 -84 -76 0
10 63 -6 0
12 71 59 0
13 -84 82 0
67 -24 57 0
-30 100 -88 0
-11 -80 -66 0
-59 20 -10 0
36 32 -49 0
90 -24 65 0
33 -8 -77 0
-41 -59 31 0
49 -57 -74 0
18 -85 -41 0
-15 -73 46 0
65 -15 -16 0
65 67 91 0
-89 -49 1 0
66 -20 -49 0
-21 -62 -65 0
-66 -87 -92 0
28 -98 35 0
65 -10 -47 0
-64 -53 -7 0
-93 -52 80 0
-70 -10 50 0
-67 -36 -52 0
-21 44 61 0
19 91 13 0
-40 -48 88 0
-61 62 7 0
69 8 -64 0
-84 76 50 0
-83 77 86 0
-59 -90 60 0
-91 -21 -29 0
88 -72 63 0
95 -39 -68 0
39 -63 22 0
-68 71 -12 0
42 -53 71 0
50 -62 -14 0
63 -83 16 0
29 7 -18 0
8 -74 -51 0
92 -1 -30 0
98 -90 -54 0
70 -19 71 0
-63 2 -72 0
68 4 86 0
-71 -99 -24 0
-33 -9 32 0
11 4 -43 0
-7 -87 -49 0
-69 -4 -36 0
88 21 -93 0
-56 -20 -45 0
36 -93 -86 0
-63 -91 72 0
78 -77 53 0
48 16 -54 0
-33 30 98 0
75 -91 -86 0
27 -77 19 0
22 -25 -3 0
-80 8 99 0
-15 22 -43 0
-64 47 24 0
14 70 54 0
95 -1 -48 0
34 -73 4 0
-1 28 100 0
-54 -98 59 0
-44 -77 94 0
-78 39 -95 0
9 -91 -37 0
53 65 -100 0
-46 4 100 0
-5 -93 -82 0
