c instance by G2
c solution = 1001010110011010100111111100010010111001111010100010101110110011110011100001100010000001001010100011
c Known solution cost is 2575 
p cnf 100 150
w 37 66 17 16 7 74 69 33 10 39 37 33 45 46 81 30 17 23 59 34 34 59 51 79 14 62 34 80 36 77 72 55 12 21 77 74 70 53 54 41 50 69 67 100 80 34 77 93 5 8 7 65 60 70 3 42 56 65 43 33 65 98 84 35 50 99 3 53 45 55 84 54 42 7 31 31 34 48 14 5 68 36 29 99 43 66 85 4 89 44 58 78 81 35 94 81 15 72 69 67
-19 -64 61 0
-97 35 17 0
2 97 -82 0
60 73 86 0
-14 70 52 0
63 90 53 0
-71 55 50 0
99 10 -42 0
-43 20 59 0
98 85 -72 0
17 54 -88 0
-25 88 -66 0
81 -69 86 0
91 34 85 0
36 67 -25 0
18 58 -75 0
62 69 -66 0
-81 98 -34 0
84 3 -73 0
45 93 52 0
-98 49 87 0
-44 50 58 0
-63 -10 96 0
-30 -76 15 0
49 27 24 0
-69 -87 1 0
73 -39 15 0
82 -35 -67 0
-22 -87 79 0
75 -49 -6 0
-97 -64 78 0
-28 -53 47 0
-32 19 -94 0
12 48 -55 0
-62 67 -9 0
1 7 70 0
98 -80 -62 0
-59 21 -78 0
55 -41 89 0
-86 -25 -97 0
86 10 -82 0
-24 45 83 0
-33 -88 -11 0
50 -22 30 0
59 -63 50 0
-57 -90 49 0
-96 -76 -60 0
-56 -59 -50 0
-28 -4 -81 0
14 98 -92 0
64 13 7 0
68 -74 79 0
60 -20 44 0
-65 -27 -13 0
-77 65 -22 0
8 56 22 0
-91 -100 42 0
-74 19 90 0
-95 -15 33 0
65 85 39 0
93 -66 38 0
64 -40 -63 0
-65 80 6 0
28 -94 -8 0
10 68 -32 0
14 -3 -15 0
16 -20 -89 0
-77 46 1 0
-3 72 1 0
-99 -58 -21 0
-7 13 -22 0
80 -57 42 0
-48 -15 -70 0
55 -8 -38 0
72 45 -81 0
96 -31 87 0
-56 -16 -42 0
15 -31 -63 0
-78 71 -50 0
-63 23 -71 0
54 -14 -95 0
-68 -57 -8 0
38 -5 -4 0
92 10 77 0
68 -39 -36 0
-2 38 -95 0
-91 5 -46 0
50 -77 63 0
-55 -25 26 0
-100 -21 -54 0
10 22 80 0
-24 -13 -80 0
-48 -84 21 0
46 73 53 0
19 11 71 0
-36 -18 75 0
-33 57 -12 0
79 26 75 0
-23 32 40 0
-49 -70 -87 0
3 -64 -83 0
66 -77 29 0
6 5 54 0
-31 40 22 0
-52 -65 10 0
-25 87 47 0
-58 52 83 0
-49 -67 72 0
-29 -25 -12 0
89 -78 97 0
8 -55 82 0
-12 74 51 0
-22 95 -25 0
-99 72 -89 0
-37 92 -85 0
49 -76 -61 0
-64 -76 4 0
54 73 -94 0
73 -8 13 0
91 37 -36 0
41 85 32 0
9 -1 -24 0
73 26 -97 0
66 5 90 0
47 -63 94 0
6 10 -77 0
28 -79 44 0
-35 56 50 0
-91 1 12 0
61 20 79 0
-71 44 -7 0
16 -2 -49 0
-41 28 -86 0
35 -55 -33 0
-96 91 -70 0
73 76 -24 0
-68 -9 38 0
-6 -38 58 0
-7 39 -25 0
59 10 74 0
-42 79 70 0
-57 43 -66 0
-84 -22 54 0
37 28 2 0
-42 -7 99 0
-2 100 -15 0
3 28 25 0
50 100 -12 0
48 -41 21 0
49 -98 -47 0
