c instance by G2
c solution = 1001000011101000101010000001000110010111100001101111010111110101110001101011101100011000000101101001
c Known solution cost is 2607 
p cnf 100 150
w 36 14 43 87 69 74 74 74 93 70 8 70 63 57 91 94 37 17 55 63 94 3 26 80 75 25 96 43 65 33 56 31 39 6 36 91 30 2 22 90 33 22 64 18 70 67 92 61 35 24 86 29 66 77 100 80 87 85 12 60 87 58 90 17 16 38 99 42 18 54 25 16 20 37 83 47 18 68 97 45 7 37 92 83 59 5 78 89 27 4 9 85 61 41 33 29 82 60 19 78
69 8 -3 0
21 -95 74 0
66 24 74 0
-64 24 -30 0
-98 86 -10 0
-80 -67 -12 0
-23 -18 -22 0
-49 22 60 0
78 93 9 0
-90 -11 -40 0
-71 25 -86 0
-4 -2 42 0
-11 71 -75 0
-13 91 -53 0
94 -59 35 0
-10 61 36 0
-45 -64 91 0
27 61 -72 0
-74 91 -85 0
-14 26 -2 0
-80 29 -27 0
-93 -39 63 0
-88 26 23 0
26 70 96 0
11 -51 -66 0
68 56 25 0
22 -16 6 0
-28 -94 -18 0
9 51 -44 0
-85 -90 74 0
96 91 10 0
-61 -64 53 0
83 73 30 0
-28 -65 47 0
-32 73 -58 0
-54 75 89 0
41 38 73 0
16 -59 -83 0
-89 25 45 0
87 -23 -41 0
-29 5 82 0
9 45 5 0
21 -22 19 0
67 -26 -23 0
-77 7 46 0
49 15 -71 0
-80 -3 54 0
78 74 76 0
53 -42 -95 0
49 -37 -63 0
-43 -84 -87 0
39 -79 37 0
-83 -3 -98 0
31 -81 34 0
-74 96 -57 0
-30 82 52 0
58 20 43 0
17 63 29 0
-3 95 -10 0
19 14 -46 0
-53 -57 90 0
83 -25 -75 0
-12 -77 78 0
-13 -69 -75 0
-37 81 -38 0
-65 19 -16 0
23 -67 -39 0
3 80 -23 0
87 13 -40 0
-13 86 56 0
89 30 -87 0
27 28 16 0
-71 41 82 0
21 66 -79 0
83 100 -92 0
93 -68 63 0
-75 67 -34 0
-92 -96 27 0
29 34 -45 0
62 -76 -58 0
27 -35 42 0
63 -36 57 0
26 57 53 0
24 41 -77 0
-13 -1 -48 0
32 86 -1 0
-31 -71 87 0
-14 -66 87 0
-91 63 5 0
36 16 -26 0
50 -38 18 0
-33 1 -100 0
-54 -13 79 0
-42 32 55 0
18 85 87 0
95 82 55 0
63 96 -55 0
-26 22 68 0
-21 -78 -65 0
-7 -4 -64 0
69 52 -95 0
-15 -4 90 0
20 33 45 0
-54 -58 -44 0
3 84 -19 0
-24 -65 -94 0
-90 -73 -58 0
27 -98 -40 0
6 -55 -85 0
-51 -52 -6 0
-43 -51 -10 0
98 -5 -92 0
-19 18 77 0
-32 6 4 0
49 78 -47 0
-48 -75 -73 0
55 1 63 0
64 37 12 0
-60 64 -38 0
97 -79 29 0
92 8 34 0
54 20 78 0
52 -22 63 0
-63 -52 -88 0
72 -30 15 0
38 20 93 0
18 80 -33 0
79 74 44 0
-75 -11 -7 0
21 41 -28 0
78 -27 -67 0
-79 51 -73 0
-50 -20 -62 0
-40 -82 30 0
20 -64 59 0
-42 7 8 0
5 50 72 0
65 5 26 0
91 40 -62 0
87 -92 -63 0
45 -43 -98 0
62 -82 -1 0
-100 37 9 0
94 -97 -74 0
-62 37 71 0
5 -8 -100 0
-62 -99 55 0
-22 68 -39 0
-78 -88 16 0
-41 -97 -89 0
