c instance by G2
c solution = 1010010011110011100100001101001000010011000101111111110000110001101011000101100011010111010100011100
c Known solution cost is 2551 
p cnf 100 150
w 66 63 32 57 76 92 44 63 63 12 16 14 33 75 83 2 25 30 4 36 97 85 70 13 82 40 90 37 26 63 13 99 97 38 89 100 38 31 76 82 39 5 22 21 37 98 22 25 87 55 81 11 100 88 82 15 67 54 88 80 90 19 98 14 99 19 25 91 13 79 46 93 3 45 17 80 28 17 65 9 91 46 94 100 99 83 21 29 97 72 57 41 88 8 17 6 3 49 67 4
65 -87 38 0
-30 -12 -74 0
-23 -80 -77 0
56 1 -67 0
-70 60 14 0
72 3 -44 0
76 -39 -38 0
42 86 47 0
-1 -47 -45 0
73 64 99 0
95 11 66 0
-10 -56 95 0
-44 -63 43 0
39 -88 83 0
-2 32 -94 0
-97 83 -42 0
-51 -61 85 0
53 -70 -59 0
34 -72 -77 0
-74 -76 26 0
-90 -21 36 0
-91 -48 -9 0
-13 35 52 0
85 -11 -33 0
33 41 -27 0
34 -29 -48 0
-59 -82 -68 0
99 -33 82 0
99 -52 -58 0
-80 -93 73 0
20 8 -54 0
-49 50 -86 0
42 44 13 0
54 52 -82 0
-46 69 -39 0
69 -98 -96 0
-49 -86 -13 0
63 -35 -9 0
-67 78 -71 0
35 -86 -79 0
33 19 -95 0
58 21 -19 0
95 -99 29 0
5 -40 -85 0
31 -98 -88 0
-32 -37 21 0
-41 21 85 0
-50 77 38 0
71 16 91 0
34 44 -5 0
5 33 -95 0
-82 19 -8 0
85 -56 -90 0
-5 75 10 0
-82 -72 73 0
-25 -100 -97 0
70 73 -51 0
89 -38 -65 0
27 15 -69 0
7 -85 42 0
47 34 -53 0
-86 40 93 0
25 -60 -96 0
-26 -32 -54 0
-73 -11 -31 0
-2 -23 60 0
-98 67 78 0
-77 -80 41 0
-92 59 -82 0
99 38 -4 0
78 76 -97 0
-25 88 43 0
-71 56 46 0
-34 -76 -69 0
-16 46 72 0
9 -65 72 0
-99 45 -29 0
-49 14 39 0
39 -11 84 0
-88 28 -15 0
90 -84 62 0
-23 56 -69 0
-30 100 -54 0
-60 -24 -72 0
-47 -54 10 0
-17 54 8 0
-77 50 62 0
-95 -96 -99 0
-55 -64 -53 0
93 -48 6 0
-69 52 94 0
45 81 30 0
62 11 -15 0
66 -62 19 0
-25 56 49 0
-94 -50 78 0
80 92 -11 0
48 79 62 0
-92 -38 -98 0
17 -44 -69 0
-58 39 -28 0
-43 99 -64 0
-83 -12 73 0
18 -3 -75 0
-82 -37 -9 0
12 36 74 0
94 -24 -31 0
-64 -17 3 0
77 -11 -16 0
-31 57 47 0
-31 59 -78 0
-34 -74 1 0
-87 -89 8 0
93 58 -57 0
12 74 -31 0
-77 68 10 0
12 -96 -86 0
-25 36 -44 0
-21 68 -19 0
-44 82 57 0
84 -25 5 0
-93 91 22 0
-11 -22 -64 0
-12 59 -20 0
92 21 27 0
94 -79 39 0
48 -64 82 0
-11 56 87 0
86 -20 -9 0
-15 5 51 0
24 44 -85 0
-5 83 -88 0
98 89 -77 0
-81 -30 62 0
32 3 50 0
97 61 -52 0
-78 24 -28 0
-65 96 -52 0
27 82 24 0
56 70 55 0
-9 76 -90 0
-69 -2 99 0
29 -14 -47 0
-21 57 -20 0
68 -18 80 0
-67 13 74 0
29 -25 -7 0
-66 63 38 0
-63 83 80 0
23 81 -44 0
