c instance by G2
c solution = 1101111100000110110111010101110001010011101001111010011011000000100001111100001001101110000100011010
c Known solution cost is 2337 
p cnf 100 150
w 62 40 6 48 35 26 85 76 86 76 14 68 67 45 41 95 49 56 59 66 16 27 74 76 46 61 76 97 22 53 72 8 42 38 76 93 44 52 72 3 80 75 63 18 2 37 62 20 56 13 39 48 67 7 13 41 58 49 46 13 46 79 43 57 83 31 19 4 38 1 5 17 90 18 70 90 57 53 48 23 7 32 79 99 56 13 64 81 48 56 89 57 75 54 52 26 35 31 42 66
38 30 69 0
28 19 -58 0
56 -10 -89 0
100 20 37 0
-12 -89 -22 0
-15 31 17 0
-61 77 -51 0
-71 -16 -1 0
-36 55 44 0
86 67 57 0
-92 70 -47 0
57 -86 19 0
5 -20 -64 0
85 -82 63 0
-73 -65 5 0
2 59 -39 0
84 -32 16 0
-98 56 37 0
68 36 -97 0
23 3 34 0
-82 -47 -42 0
-53 -72 -5 0
-79 -50 25 0
27 -12 83 0
85 50 55 0
-17 32 -9 0
-22 -87 47 0
13 -76 -26 0
-13 23 -39 0
-51 68 -95 0
-79 -26 -12 0
-45 -72 55 0
-27 75 -92 0
53 -1 -67 0
-98 -30 -59 0
30 -72 83 0
-51 63 6 0
32 -93 88 0
88 23 -61 0
-23 -57 -14 0
44 -7 1 0
-54 -14 -66 0
15 100 66 0
-8 19 -52 0
-45 -25 -95 0
-58 -92 -62 0
-60 -22 63 0
61 4 -85 0
25 -73 8 0
-81 -48 19 0
-80 -46 -82 0
-90 -15 -51 0
51 45 91 0
-34 -33 81 0
-28 65 11 0
-43 -19 -22 0
2 44 22 0
15 81 94 0
45 -5 58 0
-51 92 -87 0
-7 64 -69 0
38 13 87 0
-73 -31 78 0
68 -65 41 0
-4 -28 20 0
-75 -57 91 0
-62 -78 -61 0
-75 -4 -90 0
96 -4 91 0
-27 8 -57 0
-51 -38 94 0
86 3 15 0
66 -60 64 0
-17 40 12 0
63 -86 -19 0
52 82 -34 0
-74 -55 72 0
-25 -92 -40 0
-4 74 66 0
14 -51 -83 0
-78 84 31 0
14 90 69 0
-28 74 -5 0
91 -73 -94 0
49 -70 12 0
-4 -68 81 0
-47 11 39 0
73 -18 -65 0
46 -90 -75 0
12 -84 95 0
3 83 9 0
-37 -1 -18 0
-16 81 -92 0
-28 -34 26 0
54 80 35 0
94 -91 -21 0
7 -17 56 0
5 -2 31 0
-5 -8 41 0
-64 -43 94 0
21 78 -70 0
-7 21 56 0
-35 88 89 0
-49 -76 -47 0
50 75 97 0
-58 -63 -7 0
-6 -20 -10 0
60 -42 -64 0
27 -3 -7 0
-40 -77 -74 0
22 80 -51 0
64 11 -56 0
-31 -22 -81 0
53 -100 60 0
-57 -46 -50 0
99 10 -65 0
16 46 95 0
-68 -26 -83 0
32 -81 34 0
59 71 10 0
-43 -85 -93 0
17 -80 7 0
-76 17 -43 0
-49 -58 86 0
72 -96 68 0
58 -96 86 0
24 -4 62 0
-7 -87 82 0
69 43 3 0
-2 -5 36 0
67 98 48 0
89 -66 -1 0
99 -78 92 0
-11 -72 12 0
-44 -8 78 0
-41 -78 -49 0
-46 -61 89 0
84 14 -67 0
-31 58 23 0
-3 29 43 0
-46 29 -55 0
18 95 -57 0
-45 -6 -26 0
-51 -49 -88 0
75 -85 -80 0
78 -72 -59 0
84 30 50 0
79 42 -22 0
-61 84 -9 0
-73 -89 37 0
