c instance by G2
c solution = 1110010111011110100011101101000110111001000101101010011110000111001011010001001111101001000101100011
c Known solution cost is 2806 
p cnf 100 150
w 32 41 24 36 16 41 19 100 34 81 18 34 60 29 33 1 48 12 2 89 75 46 79 9 16 29 59 63 75 48 85 81 3 7 96 12 53 31 47 9 38 35 63 53 4 43 97 18 97 8 52 39 57 14 35 51 84 71 70 17 23 51 33 42 97 88 64 48 74 45 75 69 16 5 19 20 51 23 82 5 85 59 59 9 31 95 9 84 19 37 6 44 45 76 90 55 95 79 77 71
-57 -11 19 0
-60 85 58 0
-58 -64 -9 0
-37 -23 6 0
94 93 -50 0
4 99 -72 0
-76 13 -33 0
-61 -88 -95 0
27 -80 28 0
-8 79 -76 0
-37 -61 34 0
-54 80 -57 0
30 36 16 0
45 47 -21 0
-87 -19 -57 0
-17 -48 -92 0
-72 -68 -22 0
32 -47 75 0
-69 -62 2 0
-70 90 83 0
66 -50 -28 0
-33 48 46 0
87 58 12 0
-99 98 15 0
56 97 61 0
-100 -29 -37 0
61 -22 -5 0
27 21 -62 0
42 52 23 0
-33 -12 1 0
100 11 -59 0
37 -47 41 0
49 34 16 0
93 18 -31 0
-25 -41 -14 0
85 -51 5 0
-56 -37 -43 0
-2 -86 -15 0
-95 92 27 0
29 21 -72 0
74 -98 29 0
100 -69 4 0
-49 27 -87 0
86 44 -3 0
-37 9 65 0
-70 100 10 0
87 -5 -66 0
-6 -66 75 0
-66 22 73 0
33 -11 3 0
-77 -36 -1 0
-22 89 -18 0
-80 88 52 0
-26 62 -88 0
16 -75 -46 0
-9 34 -24 0
24 50 3 0
72 34 -13 0
-96 84 19 0
98 22 73 0
-36 67 -85 0
48 -97 4 0
-58 -19 -22 0
-78 -7 -23 0
-95 -90 -44 0
66 -72 69 0
-47 -99 79 0
-16 -85 -33 0
-49 -19 48 0
-3 63 90 0
-21 -88 57 0
-65 20 -82 0
-56 26 -35 0
-79 -32 -61 0
57 18 97 0
-35 8 -3 0
-35 -60 55 0
49 61 -86 0
-99 -52 -47 0
7 40 -21 0
61 35 -83 0
72 -92 -35 0
-26 -45 -22 0
-1 -6 21 0
-94 -42 -62 0
-53 -96 92 0
39 -93 -99 0
51 4 75 0
-20 -83 -25 0
36 -26 -72 0
89 -28 55 0
67 74 -9 0
-25 9 8 0
-57 -22 -39 0
-56 -22 14 0
-50 -34 75 0
95 -46 -72 0
82 -25 32 0
10 5 34 0
-55 -83 13 0
-91 66 97 0
47 45 -28 0
-98 67 -45 0
-73 -13 31 0
34 -18 68 0
-71 -10 18 0
90 -63 -27 0
-53 19 -33 0
30 -46 25 0
-78 -82 -44 0
89 -84 50 0
-99 -44 -59 0
-54 100 -69 0
-62 -89 73 0
-22 -34 -88 0
-67 -48 -44 0
-3 24 -60 0
-67 58 88 0
73 76 90 0
38 54 -69 0
-38 96 -97 0
-69 76 91 0
-24 12 -41 0
87 82 -70 0
12 -23 -20 0
-88 -46 70 0
4 33 -37 0
-92 -4 98 0
-81 -30 61 0
-11 -45 -73 0
34 59 -84 0
5 25 -54 0
50 98 -66 0
-51 18 -89 0
88 76 -91 0
81 -62 -51 0
64 68 -2 0
-10 -17 -87 0
17 86 -46 0
78 -45 -13 0
-70 94 -82 0
30 94 -28 0
-99 94 -39 0
-38 29 -99 0
-50 -10 -20 0
-74 -79 -26 0
62 57 -38 0
12 3 -100 0
-99 -18 65 0
65 -7 -72 0
