c instance by G2
c solution = 0001100001010111010101010000101011011011000100110000011110111100010101000000011100101000011111001100
c Known solution cost is 2385 
p cnf 100 150
w 33 50 30 76 79 68 28 90 17 24 83 36 50 72 90 13 80 65 76 58 87 30 16 66 83 70 57 86 22 71 80 80 45 47 22 82 31 77 4 66 59 35 90 43 88 18 74 10 43 93 31 24 55 37 92 71 36 70 88 99 58 62 5 25 12 76 68 6 21 45 69 76 49 80 5 86 74 57 7 99 80 84 72 49 53 74 98 51 84 3 23 75 30 73 50 33 46 64 20 13
-91 -55 -32 0
-35 -84 -17 0
19 22 26 0
-76 51 -62 0
-23 -36 13 0
-91 -89 -4 0
97 -42 -3 0
-96 25 79 0
74 46 -73 0
-38 -93 7 0
-69 -15 -4 0
23 57 -9 0
-24 39 27 0
-64 -55 -37 0
96 -71 51 0
29 79 -19 0
-70 -12 44 0
95 -57 29 0
-46 -79 71 0
-16 85 -40 0
-33 15 -8 0
-10 -79 18 0
-49 -80 -55 0
-64 -7 -96 0
-33 62 43 0
50 -68 -32 0
12 52 25 0
-88 -22 -9 0
24 -4 -62 0
58 45 91 0
-68 5 25 0
89 -3 56 0
-81 -43 -15 0
1 -17 -94 0
-30 87 88 0
73 97 -90 0
16 34 47 0
-44 -81 -93 0
41 17 -88 0
-47 -52 -27 0
-98 76 -6 0
35 -3 41 0
60 96 56 0
-87 85 -72 0
-28 -24 67 0
100 40 -42 0
49 -53 35 0
60 52 29 0
50 -42 87 0
-55 41 -50 0
-91 -45 35 0
-12 -84 99 0
8 -54 -45 0
-76 -56 -5 0
-48 -94 -2 0
-90 -44 80 0
-51 -66 -97 0
57 -18 -4 0
-94 7 54 0
-74 -48 8 0
25 58 47 0
72 -68 60 0
-95 -60 26 0
-80 20 -62 0
75 99 -43 0
-4 -94 31 0
44 -47 -93 0
-27 2 -14 0
-25 -59 100 0
15 51 -39 0
-40 49 -76 0
-71 7 33 0
-72 7 -62 0
100 -27 -13 0
14 -64 61 0
-22 -7 -78 0
9 -34 98 0
96 -68 -49 0
59 -24 -66 0
25 96 -63 0
-84 -89 71 0
-66 4 35 0
-98 71 93 0
-87 -40 -31 0
-1 -94 -10 0
9 36 2 0
-70 78 23 0
-97 -13 11 0
98 -5 64 0
81 -64 -59 0
-11 2 -13 0
-81 -67 -89 0
-98 -19 72 0
70 -93 35 0
59 37 15 0
75 -65 8 0
19 72 61 0
5 -17 -86 0
34 26 -68 0
-86 -10 -56 0
-18 -96 -85 0
-75 -90 -93 0
28 55 32 0
-17 49 -70 0
77 -37 -41 0
-91 -20 10 0
1 66 95 0
83 10 -5 0
-26 38 19 0
100 -90 62 0
-18 -77 -66 0
69 -52 50 0
-37 -81 95 0
-97 37 -60 0
-37 -82 86 0
87 68 53 0
-40 72 83 0
69 -80 18 0
-61 -52 -14 0
-64 90 81 0
-96 -55 51 0
-20 33 74 0
6 -8 -33 0
-50 -70 89 0
82 94 41 0
-39 17 -67 0
63 91 -73 0
53 56 -37 0
-73 38 -3 0
9 47 -85 0
71 40 -60 0
-21 -59 -68 0
6 -99 -60 0
-27 30 89 0
27 82 -35 0
-61 -24 16 0
-59 14 84 0
79 81 -78 0
2 28 -11 0
22 51 -41 0
59 9 -74 0
90 1 84 0
3 39 -5 0
32 43 92 0
21 -97 48 0
-37 -97 -58 0
-76 70 -73 0
72 -100 -34 0
-9 -44 28 0
-84 -12 -66 0
