c instance by G2
c solution = 1001001001110011101010011101110111011010100011100101000000111001001011100100101101010101011010101100
c Known solution cost is 2542 
p cnf 100 150
w 41 82 34 18 2 32 20 15 71 82 51 42 38 17 69 88 31 49 73 18 95 13 23 84 67 67 72 93 20 10 46 55 35 21 26 69 31 93 93 56 66 84 57 8 16 51 9 48 33 72 38 38 40 60 16 74 38 25 41 65 89 32 42 58 44 7 50 74 97 26 74 27 24 29 72 76 22 31 24 2 9 100 93 50 86 43 24 39 36 8 37 19 82 36 14 6 83 2 75 74
61 36 2 0
-69 -82 71 0
68 13 -23 0
-47 -40 62 0
25 31 -92 0
-55 86 -83 0
18 21 48 0
18 -93 50 0
33 -50 -52 0
-21 -6 52 0
34 -30 54 0
-5 40 -25 0
46 2 -7 0
19 87 -88 0
53 -35 87 0
18 14 17 0
4 98 -39 0
-99 -39 -11 0
58 69 -48 0
-89 -33 -77 0
-48 2 5 0
98 73 68 0
-34 -75 -29 0
13 -60 -85 0
52 75 13 0
-81 -39 -84 0
-45 -22 -70 0
-76 9 -82 0
10 -42 97 0
73 -83 -84 0
-34 -54 57 0
-89 -25 -17 0
-12 -77 -18 0
61 42 80 0
96 -88 77 0
44 -53 13 0
-95 72 61 0
-52 72 33 0
76 -29 -63 0
42 66 -62 0
3 -75 -84 0
19 36 -18 0
5 93 38 0
43 20 32 0
-11 56 67 0
-77 -12 -23 0
-20 -48 -85 0
87 -31 -86 0
-88 -3 -64 0
-18 49 8 0
-41 73 37 0
30 53 -69 0
-9 -67 63 0
-68 100 89 0
63 -76 -85 0
-97 48 91 0
-22 15 79 0
25 94 -24 0
23 -1 -73 0
27 51 79 0
-44 51 -43 0
-78 22 -90 0
1 -77 96 0
-59 82 18 0
78 90 -98 0
-9 -80 -45 0
-83 -54 -77 0
35 -71 29 0
-19 18 60 0
85 -49 92 0
-86 -29 4 0
11 -23 66 0
16 -50 56 0
-37 -38 14 0
3 -22 62 0
-19 -84 -87 0
-61 39 -47 0
-80 -24 -42 0
-64 -72 35 0
-8 -15 50 0
-94 53 27 0
92 -96 -6 0
27 11 -36 0
-1 32 50 0
-2 78 9 0
-22 5 25 0
40 -46 -87 0
70 57 -93 0
-43 -69 -21 0
-12 5 84 0
89 -46 -65 0
-35 -31 -27 0
-80 -58 31 0
-98 86 48 0
-45 38 47 0
-29 59 93 0
59 -70 -54 0
80 93 -74 0
3 -55 -57 0
-95 59 -16 0
88 -86 -17 0
-47 54 10 0
80 -1 -86 0
-56 -16 89 0
22 -68 40 0
58 -73 42 0
16 48 -20 0
7 31 -26 0
-100 2 81 0
58 -44 54 0
-53 73 -26 0
-45 -14 -52 0
62 -39 26 0
-8 -29 -40 0
95 -28 83 0
-41 -46 15 0
-11 56 95 0
-64 -52 12 0
8 97 5 0
-16 -83 -70 0
-55 76 -77 0
41 -26 20 0
83 13 -66 0
-51 38 23 0
57 36 3 0
13 14 45 0
65 -13 89 0
59 64 -57 0
-10 -82 -92 0
-27 -88 -4 0
-24 42 -20 0
-59 64 83 0
23 -48 56 0
-14 -55 -17 0
76 93 92 0
-48 43 -29 0
-20 -15 -17 0
-57 35 8 0
-59 4 40 0
-67 24 51 0
28 8 -36 0
74 48 -24 0
-12 -8 75 0
38 -34 -76 0
81 44 -96 0
66 38 69 0
-27 14 -69 0
-37 -84 41 0
-1 74 -30 0
92 -1 -6 0
