c instance by G2
c solution = 1001110100010101010101110101100100101111111000110101000001100101011000110110001011110011001101100010
c Known solution cost is 2784 
p cnf 100 150
w 67 100 5 2 95 86 12 24 50 85 42 69 92 73 82 89 63 62 24 39 34 25 66 12 46 42 40 52 49 83 55 35 41 66 50 81 70 91 38 12 20 56 93 77 59 90 74 10 14 49 60 78 31 59 58 30 51 64 83 15 29 43 33 75 93 63 75 60 4 52 56 99 37 13 34 33 58 96 45 3 95 29 12 44 30 60 48 55 42 20 54 99 17 92 66 85 45 61 12 94
-21 90 -88 0
-52 32 89 0
4 -52 -37 0
30 76 99 0
41 27 -7 0
9 39 61 0
-66 -77 -6 0
-59 42 100 0
10 13 23 0
9 62 46 0
-42 33 -17 0
7 16 9 0
-18 -87 40 0
87 39 -35 0
87 -71 49 0
21 -62 -9 0
20 -12 -58 0
-41 -9 6 0
-5 -63 90 0
64 -83 53 0
63 61 -49 0
77 5 -20 0
-52 -100 -8 0
-58 29 -67 0
-4 73 -56 0
-19 7 -17 0
-74 73 4 0
56 7 -33 0
57 28 -26 0
73 -69 -95 0
70 -75 28 0
-67 66 44 0
85 -47 -46 0
8 -80 -94 0
42 4 7 0
-67 -61 22 0
-8 7 48 0
36 100 -60 0
-24 -88 84 0
-48 8 -16 0
-43 53 37 0
-53 80 -58 0
81 -99 -48 0
52 -84 85 0
-42 30 82 0
45 -31 -81 0
33 -89 -47 0
-30 58 84 0
59 55 95 0
-62 -3 -91 0
-40 -79 -98 0
-4 40 46 0
-100 47 76 0
36 78 41 0
19 98 -15 0
-40 -20 91 0
88 -87 -24 0
97 -10 -39 0
-66 -23 -97 0
-25 27 45 0
70 -7 -22 0
3 -30 -99 0
13 89 -90 0
89 -76 3 0
-99 52 28 0
-1 -93 19 0
-53 89 76 0
-20 85 47 0
-70 -59 34 0
-95 22 -14 0
-54 -41 69 0
-86 25 -21 0
59 6 -94 0
28 -21 75 0
27 63 -61 0
-44 -52 -16 0
7 49 -51 0
44 89 94 0
-67 7 -15 0
64 -71 83 0
-66 74 -16 0
19 55 95 0
-67 61 38 0
82 -73 39 0
71 19 60 0
1 -59 -20 0
-3 18 -80 0
-58 65 4 0
92 -8 85 0
83 -87 100 0
43 21 -99 0
59 -17 -22 0
-28 -98 -55 0
-1 19 -68 0
93 -32 14 0
-61 11 -23 0
36 49 24 0
70 -23 82 0
77 -85 -75 0
70 -36 -62 0
-81 -80 -22 0
30 26 47 0
6 -69 -27 0
61 -28 -34 0
-11 29 -13 0
91 -43 -74 0
70 47 100 0
7 85 -78 0
-11 -23 80 0
50 -66 -40 0
54 72 -95 0
59 -74 -12 0
-41 79 -8 0
-79 -91 67 0
78 66 68 0
19 -84 12 0
-47 -12 58 0
43 -18 76 0
-91 -65 -74 0
-44 27 99 0
-54 69 -38 0
-43 93 26 0
-40 -27 21 0
-13 -98 61 0
-43 60 -21 0
-2 -91 -38 0
60 -96 11 0
98 -39 -25 0
76 18 25 0
10 -27 -35 0
-13 -52 -70 0
-83 15 -55 0
31 -86 -4 0
97 3 6 0
-40 -82 -9 0
63 73 35 0
-90 -98 -31 0
-41 -8 -54 0
-52 -60 9 0
73 -17 -63 0
-5 -19 -8 0
69 90 -73 0
-25 50 81 0
-48 -54 51 0
-41 20 -23 0
2 88 48 0
86 75 -66 0
-1 -13 10 0
-45 19 -71 0
-57 -8 25 0
