c instance by G2
c solution = 1110100110000011000001010010001010011001011111100000100001001101100111010110011101100001001011011111
c Known solution cost is 2535 
p cnf 100 150
w 48 54 14 72 97 39 10 47 30 45 49 100 77 4 72 64 59 35 64 92 63 42 94 45 64 45 71 15 64 20 87 97 58 73 35 35 100 53 89 97 51 50 17 34 65 64 15 7 62 10 65 25 3 62 91 84 23 67 81 80 12 39 17 36 97 99 71 84 1 8 71 52 22 94 9 30 80 64 76 80 13 94 84 88 9 19 8 44 46 92 24 3 55 97 72 10 36 76 66 21
83 32 -27 0
28 -6 25 0
49 51 15 0
76 -46 58 0
-59 30 -74 0
-25 -29 98 0
-5 -93 -26 0
27 -78 -47 0
-37 -50 -34 0
-31 98 29 0
-76 71 38 0
84 -7 -97 0
-36 41 80 0
-6 14 41 0
-61 -95 -29 0
-95 -13 18 0
-48 -80 89 0
-91 49 -84 0
-44 -32 -68 0
32 13 88 0
-9 -67 -43 0
54 -22 -56 0
45 7 -88 0
-37 -3 -95 0
-35 -2 -1 0
-94 -36 -55 0
-92 54 87 0
30 61 92 0
80 -43 99 0
-4 83 30 0
56 -77 6 0
-28 7 19 0
54 76 5 0
-31 83 90 0
-1 -3 -59 0
35 6 44 0
-69 33 58 0
-83 -57 -91 0
-97 -46 75 0
2 -58 89 0
12 3 -22 0
-29 -98 -27 0
-25 30 84 0
-37 22 13 0
84 92 82 0
-74 -33 42 0
-98 40 55 0
89 -69 -81 0
-96 41 43 0
55 -56 -35 0
-44 -72 -73 0
-64 -47 96 0
-30 89 32 0
-94 -62 -63 0
-86 -16 -47 0
-39 36 90 0
13 -53 -87 0
-72 76 93 0
44 97 66 0
26 18 9 0
-40 62 14 0
-54 73 46 0
56 35 78 0
-34 95 -69 0
29 94 -2 0
-68 -10 -31 0
-54 38 49 0
18 -12 86 0
92 1 50 0
44 -42 -31 0
-33 29 -21 0
-10 -54 -17 0
70 -2 -47 0
-33 8 -72 0
-44 -66 -59 0
90 77 -67 0
-85 64 -39 0
-43 -90 10 0
-4 -2 35 0
23 69 -88 0
-49 29 56 0
2 80 -21 0
12 -52 -33 0
-44 -85 -31 0
41 -87 -1 0
82 -55 -85 0
10 74 -33 0
-33 16 -94 0
-41 59 56 0
-27 -25 81 0
73 99 17 0
46 -43 20 0
77 24 34 0
-23 76 -27 0
-51 71 -22 0
48 20 -54 0
-54 29 -94 0
42 -51 -62 0
33 -40 -70 0
91 81 41 0
100 13 26 0
-89 -90 25 0
65 -100 -27 0
-59 -82 70 0
-18 43 -48 0
-64 -13 -53 0
27 -62 -65 0
-13 -29 -59 0
-18 -93 -99 0
74 49 -86 0
-8 -60 -2 0
39 37 -75 0
28 -68 94 0
23 72 44 0
-71 77 -47 0
-17 -28 10 0
78 -80 63 0
-31 36 23 0
53 -65 60 0
87 -43 -52 0
-70 84 -14 0
53 -9 22 0
-43 98 -15 0
96 38 -37 0
-69 59 -50 0
-70 -14 -89 0
79 71 -100 0
-73 7 -25 0
-33 80 -3 0
64 39 -47 0
68 1 -9 0
-32 -39 41 0
-20 -98 42 0
-37 68 -99 0
26 41 96 0
11 -39 -1 0
-75 -21 -2 0
11 39 -66 0
-45 25 97 0
-31 47 -16 0
-63 12 37 0
71 31 50 0
-26 -1 -99 0
-1 -89 -70 0
-20 28 30 0
-19 -100 38 0
-9 -100 -38 0
-11 59 87 0
-17 59 -37 0
-80 72 20 0
