c instance by G2
c solution = 1000101110000110100101110011101000111001100001111001111001011001011101111110100100100010011100011100
c Known solution cost is 2320 
p cnf 100 150
w 33 13 6 70 11 100 74 41 29 60 38 70 38 42 70 6 72 53 41 31 48 25 37 71 68 51 43 31 2 44 44 90 50 14 52 85 69 41 64 74 61 54 58 45 71 44 5 14 57 11 3 97 91 66 26 27 97 51 25 39 22 79 3 82 99 42 41 82 79 29 42 61 1 22 16 29 29 15 54 24 56 3 79 82 68 88 3 94 29 53 46 34 76 11 52 66 47 12 82 30
74 -96 -17 0
-37 -100 -68 0
-19 51 -20 0
-61 -92 -81 0
39 15 88 0
61 100 -22 0
54 43 -17 0
-66 52 45 0
76 -6 38 0
-78 -36 -72 0
16 -18 48 0
-79 78 18 0
100 -81 -74 0
-96 63 -69 0
87 -14 81 0
59 -87 -11 0
9 -87 3 0
33 -74 -86 0
70 10 3 0
-14 100 77 0
54 15 -77 0
12 97 -92 0
51 -63 -80 0
68 53 39 0
58 97 32 0
10 -62 58 0
-53 46 -61 0
95 -46 -34 0
-81 -64 -96 0
-50 87 46 0
-85 6 19 0
100 -88 -40 0
-64 10 -89 0
81 -90 67 0
-44 -17 -45 0
12 -25 6 0
7 -52 -5 0
-53 5 45 0
-1 50 91 0
26 -23 35 0
57 -6 -77 0
58 -73 94 0
82 51 23 0
-38 -6 -25 0
-99 88 -20 0
-31 -29 -11 0
-90 -93 -73 0
-72 83 -77 0
-25 83 13 0
-70 -13 81 0
14 -72 38 0
-40 35 76 0
11 -26 43 0
-7 27 -92 0
-72 90 -96 0
-71 42 -10 0
-47 -2 -65 0
-2 85 56 0
12 -76 52 0
53 -23 -20 0
69 -31 68 0
6 -33 -35 0
-53 4 -99 0
-62 -48 -54 0
-13 -61 -62 0
32 47 -74 0
-51 93 79 0
-7 9 -75 0
51 30 55 0
-92 71 -52 0
27 -83 100 0
-44 -96 89 0
55 33 -36 0
34 -100 -80 0
-1 64 -20 0
77 47 -88 0
17 -67 2 0
36 -31 -60 0
69 100 23 0
-9 8 -46 0
-43 78 50 0
-56 -15 43 0
58 -44 97 0
-83 42 -50 0
-75 59 90 0
-36 -83 80 0
10 59 -57 0
-97 -58 49 0
-73 -32 -28 0
-22 -80 75 0
-33 -73 -31 0
29 -47 -97 0
-41 -4 -98 0
-92 -72 -30 0
-71 26 92 0
44 15 64 0
-41 69 31 0
-38 -9 78 0
-33 -72 -39 0
-40 49 4 0
28 -48 95 0
-76 -37 32 0
15 60 -49 0
-24 -68 35 0
-77 -50 10 0
-62 45 27 0
-46 -66 -39 0
37 2 88 0
-59 -71 -83 0
-28 -60 73 0
-54 30 1 0
-97 88 -95 0
100 13 24 0
13 29 -10 0
-98 86 -2 0
-92 74 -60 0
-84 4 25 0
86 66 49 0
-49 -63 -39 0
40 -47 -71 0
-92 -82 -15 0
56 -2 -51 0
42 -94 -46 0
96 100 -61 0
55 85 61 0
-58 20 33 0
65 48 88 0
-3 76 78 0
-65 -70 84 0
-71 -77 -21 0
-65 16 -73 0
-49 66 -72 0
4 -18 -31 0
86 3 98 0
9 91 -95 0
33 -89 99 0
60 82 -73 0
12 29 2 0
51 -47 -42 0
72 -98 94 0
-16 -75 -80 0
-60 -45 88 0
-28 -12 -31 0
51 19 41 0
25 53 -4 0
91 62 46 0
-71 39 77 0
-55 22 12 0
30 -4 -96 0
-31 73 12 0
