c instance by G2
c solution = 0001110101111001111000101100011001011101000100111111111110110011100100011101010001011010000110000111
c Known solution cost is 2599 
p cnf 100 150
w 37 24 35 57 37 1 95 54 47 13 62 70 51 61 64 100 65 46 71 38 94 81 76 18 26 40 89 7 1 32 73 95 85 66 72 19 73 31 74 43 64 46 6 67 31 45 48 7 1 87 80 41 36 53 17 61 20 92 93 55 30 31 8 3 50 59 81 27 41 64 66 15 31 57 97 46 36 65 45 14 52 32 67 86 100 33 15 56 30 30 94 71 10 50 18 72 5 81 75 55
-1 37 -83 0
68 23 -2 0
-99 -77 -74 0
28 -54 68 0
-28 46 66 0
-52 67 60 0
-99 57 90 0
-5 20 100 0
98 -5 -49 0
100 22 -23 0
-18 -48 -45 0
58 -6 74 0
-38 25 -40 0
-7 -40 -98 0
79 -75 61 0
-61 -63 43 0
-49 -80 59 0
9 20 -91 0
-73 93 94 0
-65 25 83 0
-47 22 -35 0
29 -71 88 0
28 -9 -5 0
65 -59 -13 0
85 -1 84 0
-41 -94 49 0
-9 33 60 0
14 33 -80 0
-60 -58 3 0
13 100 -43 0
2 52 -19 0
84 -31 -76 0
-95 -66 54 0
69 33 36 0
-15 -84 -29 0
-6 11 -73 0
-63 -79 46 0
41 13 -11 0
14 -20 -98 0
79 -90 81 0
4 -100 -29 0
-39 97 -37 0
-18 40 -16 0
20 1 -86 0
1 24 -66 0
95 14 -88 0
-60 -67 91 0
62 -70 95 0
-93 -68 6 0
46 -40 -14 0
-95 -100 61 0
26 -49 91 0
81 85 -72 0
45 18 -5 0
-41 -63 -44 0
60 2 75 0
78 80 88 0
-31 42 23 0
97 -62 69 0
4 62 -57 0
35 3 -22 0
1 87 20 0
-59 -86 98 0
-27 1 77 0
29 -2 -37 0
26 -88 -4 0
-47 -40 -33 0
-83 -84 -50 0
-52 -87 53 0
-59 -36 -77 0
-4 -61 -67 0
13 -83 -51 0
-100 81 -45 0
26 8 -93 0
-100 -32 -49 0
-100 44 -54 0
47 -32 -4 0
33 21 -89 0
-60 24 49 0
28 -94 71 0
87 -58 28 0
-99 41 -97 0
52 76 -99 0
29 -53 17 0
-53 37 -85 0
10 62 79 0
45 -59 56 0
-99 -81 2 0
-64 12 -23 0
74 -83 97 0
-77 48 49 0
-38 -56 72 0
-31 98 94 0
60 38 32 0
94 5 71 0
51 -7 59 0
38 -64 70 0
-43 94 -98 0
-10 -15 96 0
-63 8 -74 0
73 69 -64 0
-69 -13 -11 0
-76 -60 16 0
87 -23 -47 0
72 -78 1 0
100 -3 91 0
61 43 37 0
51 -64 45 0
-34 -44 -24 0
-55 8 40 0
-96 -13 -19 0
85 96 9 0
53 97 20 0
-82 63 -24 0
66 98 94 0
-68 66 92 0
-39 46 44 0
80 32 31 0
-19 59 -5 0
-95 14 -82 0
-45 -43 22 0
54 -25 29 0
46 47 -18 0
-99 -18 63 0
-82 8 64 0
-21 -85 71 0
-16 14 -42 0
-56 -11 48 0
-93 78 -35 0
24 75 -3 0
-29 64 30 0
-16 -29 96 0
-55 12 -85 0
61 -92 -96 0
-1 9 -48 0
-59 30 -54 0
-97 18 83 0
25 19 80 0
76 29 -38 0
90 -48 82 0
-66 -24 -11 0
-56 55 -5 0
65 -97 27 0
34 94 15 0
94 -21 -35 0
-46 -5 -44 0
9 -31 64 0
77 99 14 0
29 19 -37 0
-59 -16 50 0
