c instance by G2
c solution = 0001010111110101111010110101111111100111010110111001111001100011010100011110101010011100001001010000
c Known solution cost is 3062 
p cnf 100 150
w 64 94 19 86 8 78 86 36 1 24 95 94 75 58 50 30 2 30 51 20 7 2 13 50 20 57 9 18 60 85 40 73 42 78 99 11 70 58 48 83 28 8 98 94 89 27 66 22 76 30 8 66 67 20 4 35 32 76 98 87 42 78 60 62 17 93 72 3 9 37 56 93 2 60 85 19 48 21 90 63 46 49 53 57 36 53 17 76 8 69 49 7 95 43 63 100 15 18 84 62
-34 -83 1 0
10 -90 -63 0
-14 9 -91 0
-91 -53 -92 0
-33 52 -18 0
91 -77 -54 0
22 61 58 0
25 23 27 0
-79 -5 -42 0
-79 -47 53 0
-22 -34 -63 0
33 94 -17 0
-6 -11 -51 0
-46 80 -21 0
-44 92 54 0
-8 -59 38 0
-95 -42 -63 0
-4 86 91 0
81 80 -30 0
63 -21 54 0
92 93 -76 0
-35 79 41 0
15 49 -34 0
-73 88 -93 0
70 89 75 0
4 88 -17 0
25 18 65 0
-28 90 19 0
51 -90 57 0
72 -14 97 0
24 -16 -48 0
-14 -62 70 0
36 -76 -37 0
-58 -64 -57 0
34 1 69 0
-84 49 95 0
76 73 -59 0
-11 92 81 0
2 74 70 0
-67 -55 -39 0
-62 -72 22 0
80 48 -53 0
89 -26 -36 0
74 -39 18 0
70 -45 -7 0
-59 -17 -60 0
-59 -82 -45 0
-6 51 -2 0
-24 -79 -27 0
3 -50 46 0
30 51 -40 0
-11 -42 -65 0
58 -6 80 0
-52 -88 32 0
-89 13 71 0
26 -96 -72 0
-54 61 63 0
6 3 22 0
90 27 21 0
44 61 46 0
2 -41 25 0
14 68 56 0
82 45 27 0
14 -79 -62 0
-38 -97 27 0
17 100 -18 0
-22 -14 -59 0
-22 35 25 0
7 -4 64 0
-70 100 -29 0
86 3 89 0
87 -61 78 0
-10 -39 -93 0
-1 -5 100 0
-99 13 -40 0
51 8 93 0
-22 17 -15 0
-36 26 16 0
65 58 -76 0
-73 -65 -64 0
-28 10 -38 0
-77 40 67 0
-18 -25 -79 0
-22 80 -94 0
-87 2 -46 0
12 -99 -6 0
33 -63 92 0
74 26 3 0
45 85 -41 0
11 -98 41 0
62 -97 59 0
-72 90 47 0
56 16 -18 0
70 90 35 0
-46 -23 -22 0
36 -20 40 0
-43 -75 -1 0
-35 -39 66 0
-10 -56 -74 0
-56 64 6 0
-26 51 68 0
-87 82 -66 0
61 -24 -100 0
-21 39 -31 0
98 87 55 0
94 78 62 0
-14 -50 -30 0
-2 40 -92 0
-43 -29 7 0
46 -20 -26 0
62 77 67 0
85 71 97 0
-16 30 35 0
-84 -38 29 0
-52 39 76 0
92 -49 -1 0
78 34 36 0
-21 70 63 0
-64 -21 -25 0
-45 12 -61 0
85 -67 -53 0
80 75 28 0
-3 54 17 0
-88 -75 -74 0
7 -66 12 0
93 32 -48 0
-15 41 -8 0
15 42 -18 0
36 83 -71 0
53 20 84 0
28 5 71 0
7 1 -98 0
59 -11 5 0
52 12 14 0
-13 -29 -23 0
-69 10 86 0
-80 -32 -23 0
-98 54 -79 0
-21 -37 65 0
71 -31 11 0
-18 -31 -69 0
89 -60 98 0
84 99 13 0
1 96 -8 0
-42 36 14 0
-64 31 -91 0
59 73 69 0
-39 -54 -3 0
-12 -7 -72 0
99 82 -78 0
