c instance by G2
c solution = 1000101111001100110010101100000011110000111000001010110101100100111000011100001011010100010000000101
c Known solution cost is 2502 
p cnf 100 150
w 84 11 68 62 99 59 82 8 23 50 36 85 65 83 73 76 85 77 22 7 46 28 32 47 81 71 11 24 100 45 29 59 34 1 93 81 91 39 24 36 94 77 66 80 8 34 59 73 77 73 21 62 46 65 56 77 89 99 39 95 1 59 100 4 16 48 29 74 61 35 54 41 48 22 96 90 6 74 89 14 75 37 91 91 45 36 72 50 52 28 35 26 24 26 66 29 67 69 60 58
83 -41 51 0
-75 29 -41 0
-67 -72 -99 0
-33 -62 -16 0
82 6 3 0
-47 52 2 0
45 7 77 0
31 5 -74 0
9 11 80 0
-68 -65 49 0
81 15 -98 0
-29 2 71 0
-62 -2 -9 0
-25 36 3 0
-80 -23 -94 0
-23 96 25 0
-54 68 -83 0
35 -92 -53 0
-45 -59 -62 0
-45 -14 -15 0
-4 -25 15 0
-7 66 72 0
64 48 23 0
-52 -62 71 0
72 -84 -90 0
91 -51 98 0
-89 99 -4 0
-10 -46 20 0
-35 -10 62 0
58 -13 2 0
72 60 50 0
-64 91 -86 0
77 -32 68 0
-21 -28 54 0
93 73 60 0
97 39 -44 0
-40 -28 12 0
-30 -1 -74 0
-4 21 97 0
32 4 -12 0
53 -49 88 0
-74 49 -21 0
-13 -38 -8 0
91 80 42 0
-85 94 80 0
-86 -73 -47 0
59 19 6 0
-85 -55 -11 0
-48 70 99 0
80 -93 -1 0
-91 32 11 0
24 -88 82 0
-19 -13 -34 0
-97 78 29 0
29 2 -71 0
47 90 -56 0
-82 -26 1 0
3 -48 -66 0
3 -17 13 0
-15 -23 52 0
-88 -1 76 0
42 11 -55 0
-6 95 20 0
-27 -58 97 0
-61 -29 -25 0
-35 19 -95 0
-94 40 -34 0
-70 -72 19 0
34 -5 45 0
92 -19 -47 0
-4 2 -100 0
58 99 85 0
-91 -32 66 0
87 54 38 0
74 48 -61 0
95 -90 100 0
24 5 78 0
89 23 -58 0
-61 85 91 0
-24 -23 -51 0
-11 57 60 0
-84 35 -67 0
57 -69 -30 0
9 22 -81 0
-16 32 54 0
70 -87 -49 0
6 -56 26 0
71 -15 -7 0
76 -78 -73 0
-55 87 40 0
-4 -69 10 0
-79 68 -3 0
96 74 47 0
21 -26 92 0
12 79 -1 0
4 84 71 0
-12 84 26 0
-51 64 -60 0
16 -36 -64 0
-56 10 64 0
25 96 85 0
57 -77 31 0
91 43 55 0
48 -54 -76 0
-62 16 86 0
-68 86 51 0
86 -41 59 0
-76 89 -56 0
47 -73 72 0
-63 -18 -16 0
64 -63 -62 0
67 88 27 0
-37 31 -49 0
38 98 2 0
-96 -42 55 0
-80 -74 -26 0
-47 8 19 0
83 -33 -57 0
-69 45 -17 0
17 45 -10 0
-46 -45 -71 0
11 71 56 0
-92 64 -56 0
24 8 50 0
78 -51 -40 0
-45 43 17 0
75 90 -100 0
45 22 18 0
14 -12 34 0
19 -100 14 0
-74 -16 63 0
-76 -15 89 0
99 -28 -33 0
66 7 -79 0
-31 29 6 0
-35 98 -59 0
2 -20 77 0
41 4 45 0
-41 33 -62 0
71 52 -39 0
-53 -50 60 0
15 -32 -23 0
48 -4 52 0
-18 66 39 0
-69 29 -97 0
-42 2 -89 0
3 65 88 0
94 63 -22 0
-68 22 -72 0
98 13 47 0
