c instance by G2
c solution = 1100001100000000110010100111010111110100000111011100110001101000001000101000000001111100011101100111
c Known solution cost is 2367 
p cnf 100 150
w 77 76 18 88 76 71 87 47 62 87 72 56 35 31 9 97 36 12 51 4 68 12 73 2 21 48 96 98 43 5 90 69 70 22 12 18 16 79 34 41 91 99 10 99 47 8 59 51 35 100 1 53 6 96 21 55 71 90 14 34 52 34 20 49 66 2 60 31 39 57 58 33 9 14 91 39 29 68 34 94 29 74 52 50 5 13 47 19 90 90 49 25 2 86 99 43 42 52 45 9
36 -92 -49 0
-10 -84 -94 0
-92 30 -35 0
-51 43 -94 0
34 43 22 0
40 -23 -25 0
83 14 93 0
-98 -15 -26 0
-7 68 -20 0
84 -63 -61 0
40 -11 -92 0
-40 46 -67 0
-1 31 -96 0
37 -61 82 0
-14 37 -67 0
97 23 5 0
-47 55 42 0
-94 91 27 0
-8 30 -32 0
-83 11 2 0
-64 -100 4 0
-34 -2 -79 0
-13 -84 -82 0
-6 -56 -74 0
-80 13 19 0
-3 69 -38 0
-48 -8 7 0
15 59 -90 0
-27 77 92 0
-98 76 -5 0
-92 72 -29 0
21 42 78 0
32 -38 25 0
-68 -97 -42 0
21 -36 -32 0
-29 -3 43 0
3 -49 17 0
-72 31 -97 0
9 32 -31 0
-38 35 15 0
-29 34 -44 0
96 -22 51 0
-99 28 64 0
60 42 86 0
83 45 28 0
42 63 -76 0
-45 100 -27 0
-6 -32 55 0
-78 -86 89 0
72 -57 -34 0
-58 -97 -54 0
-44 -74 79 0
34 -43 91 0
77 -88 93 0
-1 10 -9 0
-28 -2 -31 0
47 95 -46 0
55 23 -94 0
1 87 -38 0
-61 -68 52 0
63 67 96 0
-77 65 -95 0
71 57 -50 0
88 -39 -67 0
-41 69 3 0
1 -72 74 0
87 5 45 0
-95 -97 -31 0
27 -68 61 0
-97 50 -51 0
98 18 -14 0
6 -89 93 0
97 -66 -28 0
-24 -28 -7 0
61 -2 -17 0
-62 65 -21 0
-89 35 -51 0
29 96 -81 0
18 75 -73 0
-54 -72 88 0
68 63 84 0
-84 4 99 0
-30 -7 -75 0
-5 90 87 0
-60 70 98 0
89 23 -86 0
-84 94 -8 0
81 65 73 0
12 91 29 0
7 -41 -92 0
86 -25 95 0
53 -6 -38 0
-16 -93 46 0
58 -44 100 0
-33 -46 58 0
-50 -3 -77 0
-90 87 26 0
4 -46 98 0
-46 -4 77 0
-59 88 -25 0
-61 31 -87 0
76 16 49 0
-43 55 72 0
12 -85 50 0
20 4 -42 0
49 -58 39 0
-30 -83 -70 0
38 -36 -17 0
-46 64 27 0
53 47 -48 0
42 -69 -7 0
-86 -37 -24 0
96 -86 46 0
27 -72 -69 0
47 -61 -52 0
-50 -33 -5 0
-65 -17 -100 0
-93 25 62 0
74 -63 55 0
-53 46 -80 0
76 -11 -50 0
-38 -92 8 0
-50 59 61 0
44 14 -84 0
-26 12 90 0
-12 -48 29 0
54 56 -23 0
12 -60 76 0
-6 91 25 0
-19 -98 47 0
-83 -91 -56 0
-90 -28 -16 0
-37 9 79 0
-41 62 19 0
-38 90 99 0
-84 -9 -33 0
-45 48 -61 0
-33 -8 92 0
69 -52 10 0
-91 -55 39 0
-40 25 -84 0
63 -14 19 0
54 -7 26 0
97 -73 85 0
52 -24 -87 0
-100 -31 72 0
-67 -18 -20 0
17 -26 98 0
-40 -36 -12 0
-67 -2 33 0
