c instance by G2
c solution = 1010001000111111111011101001010101110011100000010101011100111110111010011000101111100111011111000001
c Known solution cost is 2847 
p cnf 100 150
w 69 91 79 86 60 8 43 57 93 74 4 11 76 15 10 58 41 82 57 69 49 17 95 15 26 42 63 8 50 72 83 54 62 49 88 49 47 88 53 29 7 16 21 60 80 8 6 35 67 82 34 62 6 80 86 50 52 93 23 81 28 56 52 60 67 31 91 94 77 84 30 36 100 1 44 93 41 30 52 12 63 4 44 55 31 27 18 28 62 85 95 48 96 42 40 89 36 56 78 14
6 -34 -37 0
-81 -85 -34 0
-48 40 51 0
58 51 18 0
-15 -11 -2 0
-29 -13 -58 0
-2 66 -88 0
11 84 10 0
-59 61 -22 0
36 9 38 0
-82 37 7 0
20 -77 1 0
-88 15 -1 0
-69 74 -76 0
87 10 -55 0
-20 98 50 0
62 -80 -30 0
91 -72 -59 0
-39 -18 93 0
-91 77 96 0
-30 -72 -89 0
-50 3 -93 0
57 -63 -47 0
-45 38 -32 0
11 -15 64 0
49 -10 -34 0
-19 -91 -4 0
-3 23 -66 0
-6 20 -54 0
81 -63 53 0
97 17 -87 0
-98 57 -1 0
-90 74 -33 0
25 -47 -94 0
-21 -7 -38 0
70 -53 -64 0
-18 -88 -43 0
-59 75 83 0
59 -40 -19 0
-59 65 -11 0
-98 -58 67 0
20 -54 -71 0
93 57 -38 0
-32 96 28 0
-20 -35 70 0
-64 -21 -88 0
16 -57 78 0
-51 -44 -76 0
-88 82 -73 0
-72 13 -17 0
55 -69 29 0
-78 -72 53 0
51 -46 -32 0
-2 57 10 0
85 -74 44 0
34 -86 -79 0
-73 74 -68 0
68 58 90 0
31 98 52 0
-76 -44 20 0
-34 -70 51 0
-61 -63 79 0
66 -3 9 0
81 -55 -8 0
60 -92 4 0
-3 36 -34 0
10 -83 39 0
73 -52 -43 0
73 -66 -88 0
99 78 19 0
21 -61 4 0
69 -94 5 0
-69 -24 8 0
24 54 -38 0
-62 48 -25 0
-56 35 -54 0
-42 -48 -22 0
-13 -53 -88 0
-29 51 -82 0
29 17 -18 0
88 -23 45 0
-57 -90 14 0
68 6 -38 0
-74 1 -57 0
73 13 47 0
17 -22 89 0
33 -69 72 0
26 -37 9 0
8 -83 -96 0
-91 68 -75 0
-52 -27 50 0
99 52 -16 0
-1 -63 -49 0
28 -67 -14 0
4 -95 -34 0
91 -80 -88 0
-94 13 -93 0
-3 22 95 0
-84 78 42 0
38 5 12 0
25 -34 -11 0
62 -17 -83 0
33 41 -100 0
-82 -34 -89 0
67 -72 -60 0
-51 58 42 0
-58 -86 -54 0
10 -41 -44 0
45 71 80 0
-98 -97 81 0
-93 30 -25 0
-4 -71 -88 0
46 50 99 0
57 -60 86 0
-51 -14 -84 0
-18 98 -99 0
99 -15 94 0
-57 -62 20 0
64 -9 6 0
15 93 -68 0
-56 -27 84 0
98 56 5 0
-5 -39 -54 0
-66 36 90 0
74 60 29 0
-7 37 92 0
-85 96 -66 0
-32 54 -7 0
49 63 42 0
-32 27 -8 0
99 -11 72 0
29 71 100 0
2 -68 96 0
-21 -31 -65 0
-80 67 10 0
89 95 32 0
-82 16 -100 0
99 -46 2 0
-32 29 -24 0
-56 97 35 0
-97 6 4 0
51 7 68 0
14 98 -36 0
63 -45 -70 0
76 -71 70 0
2 20 -64 0
-26 -48 -92 0
69 -54 24 0
-1 -4 62 0
55 -23 37 0
