c instance by G2
c solution = 0001100001101000011100100001011011111110011111010010001101001000101101000101101101101001000100010011
c Known solution cost is 2854 
p cnf 100 150
w 90 58 71 84 74 98 87 91 62 92 82 1 92 88 56 56 43 35 2 41 4 20 87 41 19 41 77 12 7 87 20 20 97 6 44 11 80 93 91 48 51 97 50 36 86 5 32 76 11 100 35 100 33 44 89 98 26 25 40 64 66 31 91 39 84 79 48 31 45 40 67 49 44 47 5 98 100 54 47 97 71 47 94 2 89 37 54 24 56 78 51 15 7 75 43 27 34 48 86 87
-9 52 -38 0
-78 -11 -70 0
2 -24 -96 0
29 -49 15 0
94 -15 36 0
-94 81 87 0
-97 88 -2 0
-26 90 27 0
-62 39 -67 0
86 98 -41 0
-21 -80 -13 0
100 -4 25 0
-80 -74 70 0
20 55 19 0
-65 90 19 0
94 -77 -60 0
72 -16 -70 0
30 -38 -61 0
-77 3 -47 0
-63 -48 -10 0
26 35 29 0
-34 11 -19 0
24 60 -53 0
80 -28 -76 0
-62 24 -37 0
55 52 72 0
-72 21 9 0
69 -100 61 0
-11 -73 47 0
-66 90 -48 0
-86 -99 14 0
-33 5 23 0
84 82 -18 0
59 -100 65 0
-11 48 -34 0
-81 -33 -92 0
-20 74 -47 0
80 -3 27 0
-90 -84 -54 0
-38 59 33 0
85 -42 83 0
-65 -43 -27 0
16 18 90 0
14 -7 9 0
54 -18 -8 0
93 76 -68 0
8 -42 4 0
85 3 -100 0
-39 -3 -44 0
-79 -90 16 0
-43 -57 -67 0
17 71 -54 0
66 -15 -45 0
96 51 91 0
-90 60 -5 0
35 55 -74 0
79 -47 -23 0
-7 -67 90 0
53 21 46 0
-70 -89 -82 0
62 -74 10 0
25 32 58 0
44 -45 95 0
-25 -99 -88 0
12 -52 69 0
-38 96 -56 0
68 8 93 0
74 -85 40 0
-19 14 61 0
-45 -28 -32 0
83 32 -56 0
-95 84 -77 0
100 -27 38 0
-50 63 17 0
5 21 81 0
-27 -39 -99 0
68 6 -31 0
84 37 -28 0
63 -30 -2 0
60 99 -77 0
38 -68 60 0
60 67 90 0
-74 -91 -88 0
28 97 -37 0
37 70 -19 0
74 -59 57 0
77 89 -33 0
2 -98 6 0
24 -15 -20 0
84 -17 40 0
-6 -37 -23 0
27 52 -7 0
-33 -10 -89 0
74 -79 -46 0
-16 -55 -65 0
-20 99 73 0
29 13 8 0
12 75 56 0
86 51 71 0
-79 60 46 0
82 -21 24 0
-54 -31 5 0
40 -77 -14 0
75 69 -40 0
-15 -59 -92 0
-43 -35 -93 0
-97 12 5 0
92 -88 -38 0
90 -97 -38 0
-84 57 87 0
-96 34 -88 0
-87 71 -58 0
-52 1 -24 0
26 45 -43 0
-27 29 -94 0
-65 49 -16 0
53 -12 55 0
-59 -68 69 0
-64 -46 -34 0
44 24 -50 0
-97 -83 -85 0
-8 21 50 0
57 59 31 0
49 79 -45 0
8 23 -77 0
-43 23 -19 0
-22 59 -79 0
-44 71 42 0
-19 -9 72 0
-46 -34 88 0
64 -92 -81 0
-36 -18 96 0
3 -46 20 0
-75 -30 3 0
-96 46 11 0
-46 28 -1 0
-14 -97 72 0
-88 82 92 0
25 -75 -67 0
-36 -52 9 0
75 39 -77 0
62 -69 15 0
61 27 -70 0
75 -61 36 0
-65 35 97 0
-71 59 57 0
-18 43 16 0
-4 -29 24 0
-1 69 -44 0
-12 25 -5 0
