c instance by G2
c solution = 0010111101101111001011000110110000111001100011011010010010111011111011111101001001101000001001011010
c Known solution cost is 2510 
p cnf 100 150
w 8 75 5 69 42 98 47 88 60 71 7 9 4 19 54 96 86 74 3 57 99 71 80 48 67 36 16 18 1 7 64 70 43 1 52 62 20 91 41 86 86 14 93 89 83 5 64 39 56 22 99 13 77 75 92 73 36 87 25 51 7 70 15 53 72 52 3 6 71 70 51 86 3 73 79 78 43 48 17 66 38 14 45 100 71 59 50 50 54 33 46 35 53 33 67 84 15 72 12 57
-3 -69 64 0
-86 62 -91 0
65 -54 62 0
45 -5 -85 0
-75 65 -35 0
-50 33 53 0
-19 -65 5 0
-76 85 -60 0
70 40 -63 0
71 -35 -30 0
79 38 51 0
36 19 -31 0
-80 -15 -40 0
31 49 -57 0
-83 57 38 0
11 -35 1 0
-67 -51 35 0
25 -61 -98 0
-36 -89 -45 0
-2 25 89 0
16 -82 -66 0
60 24 84 0
88 -70 94 0
93 -29 -20 0
-83 -22 -93 0
19 93 81 0
32 47 -33 0
15 54 -96 0
-66 1 -34 0
61 3 -47 0
96 84 -30 0
-88 -59 -48 0
63 95 93 0
21 86 -57 0
14 -66 44 0
-89 21 66 0
-79 74 62 0
-4 92 -46 0
75 12 -39 0
51 -19 -25 0
-81 -7 -10 0
86 -79 -43 0
92 40 20 0
-45 41 77 0
-35 6 -26 0
34 76 4 0
72 75 -36 0
25 88 67 0
9 -58 44 0
-49 -16 -78 0
48 -72 -46 0
3 -2 -81 0
50 -33 -39 0
74 6 -41 0
-10 -91 69 0
58 -96 -52 0
-17 48 34 0
80 63 -28 0
79 -48 20 0
13 -30 31 0
-18 2 80 0
99 -17 -86 0
-97 7 -40 0
75 20 65 0
-9 31 -62 0
51 80 32 0
98 -67 70 0
-22 -63 30 0
-79 -12 -36 0
-36 2 66 0
-58 92 44 0
64 31 -40 0
-27 -1 58 0
-23 -41 31 0
-95 34 -22 0
2 -4 -36 0
2 -36 -44 0
54 25 -66 0
-38 78 81 0
98 3 -13 0
-45 55 91 0
79 -29 -65 0
18 -50 95 0
22 100 58 0
-46 -4 -72 0
41 27 12 0
24 99 44 0
78 97 75 0
24 70 -22 0
-60 23 79 0
46 -35 -30 0
-28 -33 -50 0
-7 -17 -94 0
-72 9 -28 0
-83 -25 17 0
55 -14 -88 0
-97 -47 -71 0
-8 10 32 0
-73 -88 -91 0
83 -32 58 0
-36 -97 -90 0
-93 -99 63 0
35 53 58 0
-6 -84 18 0
35 -15 87 0
61 -13 -99 0
8 -73 68 0
-9 47 28 0
-10 47 -89 0
-24 -69 90 0
96 -73 -17 0
-63 87 -77 0
-29 99 -19 0
-49 73 68 0
-91 -68 -7 0
-91 -42 -30 0
-40 68 29 0
58 -31 -27 0
48 -68 34 0
-46 -55 -83 0
89 28 37 0
-13 -94 -53 0
-71 -2 37 0
37 -76 -88 0
-54 -69 -75 0
39 36 86 0
17 -56 -72 0
29 -86 75 0
-61 13 -35 0
-62 -61 47 0
15 47 -97 0
-15 -100 31 0
-67 -8 83 0
-92 -36 -5 0
77 23 -68 0
28 65 -20 0
100 -91 -55 0
32 59 93 0
-32 -26 -99 0
-36 93 -87 0
27 -61 -40 0
-63 86 -31 0
16 83 21 0
-51 38 82 0
55 29 -73 0
82 -63 -29 0
49 -45 -13 0
33 26 34 0
-99 72 -90 0
36 -70 -12 0
