c instance by G2
c solution = 0101011010000100000000000101100110111111011101001110100111000111111001000000101000010001000110011110
c Known solution cost is 2556 
p cnf 100 150
w 26 18 98 82 14 84 94 49 95 61 44 85 95 57 2 34 13 59 54 44 99 83 77 25 58 19 19 34 6 43 69 86 64 55 89 16 91 53 14 13 72 91 71 15 90 67 52 44 27 16 52 65 87 92 99 83 35 53 10 65 82 47 61 76 86 65 91 13 54 9 70 38 18 67 29 74 77 8 85 7 41 89 47 81 41 51 4 79 11 21 29 92 3 77 79 46 35 48 63 85
-47 87 -58 0
-4 71 -30 0
-28 -72 -14 0
-14 55 -71 0
15 31 -61 0
-25 27 -98 0
-5 100 78 0
-35 56 -57 0
-27 23 -66 0
15 -96 -60 0
36 -58 -98 0
22 -14 -76 0
42 46 -85 0
-26 -100 24 0
-36 -93 62 0
75 24 -100 0
59 -91 95 0
-54 15 72 0
83 -70 -13 0
-96 94 -18 0
-38 17 -20 0
86 46 17 0
-78 -44 -56 0
64 83 91 0
-58 -41 16 0
13 65 -77 0
-48 20 61 0
-42 61 -13 0
95 -58 43 0
50 12 86 0
68 -88 38 0
95 19 -86 0
-24 -96 86 0
-70 23 92 0
-31 20 63 0
-28 -99 -23 0
68 59 -21 0
81 75 58 0
-16 -63 48 0
20 73 97 0
-79 -87 91 0
17 -25 44 0
-1 60 74 0
85 -32 9 0
-34 -72 -96 0
8 -88 70 0
-31 -88 -97 0
-78 -65 -2 0
57 -88 95 0
73 91 57 0
-96 90 -34 0
-32 39 16 0
-2 -55 -46 0
-5 -4 -74 0
-69 -3 -55 0
-75 -29 10 0
73 24 -22 0
51 5 1 0
-9 36 69 0
87 67 -37 0
-3 16 -56 0
86 -83 59 0
5 -85 -50 0
31 82 53 0
71 95 26 0
-32 -64 -100 0
16 10 29 0
-17 -84 59 0
-89 87 -96 0
83 89 -91 0
-19 -88 -29 0
-40 37 -84 0
-57 7 31 0
-8 90 -93 0
-98 84 60 0
-32 -53 7 0
66 -41 -10 0
20 21 -95 0
-7 93 24 0
-66 47 4 0
-22 65 -60 0
-82 -35 68 0
74 -12 20 0
10 -46 -82 0
-52 -39 18 0
-42 90 49 0
-74 91 -46 0
63 -8 -24 0
-13 76 94 0
80 -44 33 0
19 9 78 0
9 4 77 0
36 -87 -37 0
-89 76 87 0
-64 44 -54 0
67 -98 72 0
-94 59 75 0
-67 89 99 0
100 -15 23 0
10 -59 -56 0
66 -6 27 0
94 17 -69 0
-86 22 74 0
-58 56 4 0
27 -26 35 0
-52 75 13 0
74 -81 69 0
60 -98 -74 0
-26 98 99 0
54 -96 -48 0
-42 8 -47 0
25 -70 28 0
83 -96 77 0
-77 -100 51 0
32 47 -58 0
-42 -11 -37 0
-14 42 -65 0
48 23 35 0
100 -21 84 0
-79 -73 81 0
-45 25 82 0
-60 -12 -96 0
-67 -70 96 0
8 -65 88 0
85 44 21 0
24 25 2 0
61 59 63 0
-30 19 -75 0
40 -26 -46 0
-29 96 -26 0
-49 -47 84 0
74 81 98 0
94 -69 -70 0
-70 79 95 0
21 -58 -68 0
-67 79 -97 0
-43 17 -21 0
-23 11 -56 0
-84 7 -6 0
26 57 -87 0
5 73 -20 0
51 -47 34 0
-81 -72 -29 0
48 -90 -53 0
47 14 91 0
-77 -10 55 0
44 11 9 0
47 16 -11 0
-51 20 6 0
-96 52 -80 0
