c instance by G2
c solution = 1111011001000000100010011000010000100010001111000101101001001100111101101001000000001111001001001011
c Known solution cost is 1948 
p cnf 100 150
w 6 71 96 62 81 35 19 18 89 80 66 45 70 51 67 9 30 22 46 82 7 50 53 4 99 8 38 95 86 78 1 57 77 53 58 36 100 34 43 100 4 78 66 54 34 62 66 7 72 7 27 10 44 78 100 22 28 86 58 16 14 10 77 34 56 29 45 88 30 45 14 30 95 47 40 4 17 19 36 8 71 69 86 7 50 92 30 43 80 14 5 61 84 52 6 88 15 76 33 77
-24 -22 -2 0
27 14 -34 0
37 71 -86 0
63 11 -18 0
25 -88 8 0
-25 79 -38 0
17 31 -44 0
-68 79 -54 0
62 -6 12 0
43 11 90 0
-66 19 52 0
-10 73 9 0
36 53 19 0
87 -7 69 0
-80 -34 -42 0
95 -42 93 0
42 -82 -25 0
62 93 -14 0
40 94 79 0
94 -92 13 0
81 -26 -7 0
-47 -6 -2 0
-69 74 40 0
10 98 79 0
97 -29 -44 0
22 -19 -3 0
33 2 5 0
-65 75 68 0
-45 -24 -36 0
-14 23 12 0
28 -91 -89 0
51 39 -65 0
81 75 52 0
27 -58 70 0
24 -58 37 0
-91 5 66 0
-25 60 50 0
91 96 84 0
16 -29 -48 0
-61 -58 -31 0
-16 69 87 0
57 21 -45 0
-97 -14 7 0
30 98 8 0
-79 36 72 0
-58 3 59 0
86 -88 -94 0
51 -33 82 0
-98 -58 -87 0
-61 -89 78 0
-40 88 -38 0
-62 45 12 0
24 19 -3 0
92 46 -62 0
-27 42 15 0
-62 -57 78 0
39 -95 -69 0
34 -56 11 0
-71 -48 26 0
61 -89 73 0
36 -7 61 0
74 -63 40 0
44 33 11 0
-53 -21 -75 0
60 65 -30 0
-88 67 38 0
25 -27 42 0
11 55 79 0
36 82 -84 0
15 -13 49 0
-4 -76 -41 0
-79 -10 -51 0
81 31 -36 0
29 46 -7 0
26 -35 7 0
-20 -52 -1 0
-83 40 19 0
77 -23 42 0
99 54 -6 0
-92 84 -58 0
87 -2 -35 0
31 -49 -85 0
-85 -47 36 0
5 -59 -55 0
64 -94 -11 0
16 -50 -77 0
-67 1 37 0
5 -28 -13 0
56 -70 -77 0
58 -23 -97 0
18 32 44 0
92 58 32 0
98 39 57 0
5 -12 -88 0
48 -84 95 0
-32 -76 -44 0
36 -16 29 0
97 -7 -35 0
47 24 59 0
15 -40 27 0
-81 80 42 0
-79 -76 -48 0
22 -26 60 0
93 -3 -96 0
15 98 -72 0
-34 57 95 0
66 -45 72 0
23 57 -93 0
-45 -100 -8 0
-88 95 -5 0
-57 -50 83 0
-39 32 -78 0
95 15 -29 0
61 3 71 0
-9 99 -17 0
57 -70 -60 0
-24 -28 27 0
-16 -91 -73 0
-21 -64 -66 0
-85 78 -49 0
-30 -97 4 0
-95 -45 -17 0
44 16 -20 0
42 3 -81 0
-27 58 -29 0
-26 13 -36 0
40 -62 -15 0
-6 -24 100 0
-76 -2 -51 0
74 45 65 0
13 -42 32 0
-88 -29 -17 0
31 -1 -36 0
-7 -80 -71 0
75 42 -90 0
57 -8 30 0
79 -36 -25 0
5 76 -99 0
-34 4 67 0
36 35 38 0
81 -16 71 0
-74 78 96 0
66 -35 40 0
77 -52 85 0
63 -88 6 0
-99 27 -37 0
35 92 -15 0
89 -9 54 0
88 -10 -52 0
55 72 -3 0
