c instance by G2
c solution = 1010010010001011010110110011001110001011011111111011011110010011100111101101101111011100011011000111
c Known solution cost is 3298 
p cnf 100 150
w 69 94 32 72 20 32 41 63 99 5 20 57 13 20 73 11 96 47 9 70 77 29 69 97 68 76 51 61 52 94 49 81 92 33 38 95 27 56 96 49 72 1 50 80 94 80 72 93 27 62 91 5 77 10 47 12 21 17 86 9 39 48 8 47 34 53 75 64 91 50 70 70 16 70 76 72 97 90 34 67 46 97 56 64 94 97 65 23 59 41 43 9 34 22 65 76 81 87 37 29
81 -27 -60 0
-45 1 95 0
-58 66 89 0
-80 54 -49 0
80 7 -85 0
4 -17 -31 0
-57 94 -54 0
17 48 96 0
-26 97 37 0
-30 -63 -93 0
-68 1 -63 0
2 65 83 0
66 47 -60 0
3 -15 -28 0
91 38 -29 0
-51 -54 -92 0
-77 24 -4 0
72 -87 75 0
7 89 99 0
-26 -32 -43 0
-82 -84 -78 0
71 66 62 0
-34 72 -3 0
24 -91 38 0
57 -21 73 0
-18 43 -94 0
37 -3 34 0
45 -42 -56 0
-1 -72 -48 0
-19 -18 89 0
31 -79 53 0
92 23 -3 0
-73 92 60 0
56 29 78 0
4 -66 78 0
93 25 -15 0
-77 -29 -68 0
78 -63 73 0
-77 98 58 0
30 -88 -1 0
-61 36 -94 0
-52 17 74 0
68 -16 -52 0
-47 -50 97 0
13 74 91 0
33 -19 -56 0
-40 13 -91 0
64 62 -76 0
-63 -2 9 0
41 42 67 0
-45 72 46 0
-73 -90 -95 0
-50 20 -42 0
-89 -79 -53 0
-34 -47 -65 0
-27 10 33 0
-50 -24 8 0
-13 -14 -85 0
-41 -90 -47 0
70 96 -43 0
-57 -87 31 0
100 95 50 0
-47 -18 -96 0
-46 55 -70 0
-94 -4 -80 0
-16 -45 76 0
-43 -27 -75 0
43 -42 47 0
85 39 99 0
41 -38 39 0
-73 -62 -86 0
84 20 -75 0
82 -74 -90 0
-25 -55 -27 0
-89 -9 -81 0
90 -10 2 0
-21 -59 92 0
-65 27 -86 0
-10 5 -3 0
50 -42 -34 0
98 -46 -4 0
79 -73 -46 0
100 -49 -35 0
64 -9 47 0
-33 -34 28 0
-46 28 17 0
97 -12 -24 0
10 18 -93 0
21 -9 61 0
77 -96 -70 0
3 34 86 0
26 -28 -2 0
83 -35 -9 0
-69 12 -8 0
-24 -92 -17 0
-57 25 20 0
53 22 85 0
-47 -59 61 0
39 75 -91 0
-71 -9 -19 0
40 -91 -18 0
-51 2 91 0
25 -89 -34 0
69 -27 88 0
-68 72 -59 0
7 -78 49 0
-22 -39 88 0
-94 -38 75 0
90 -4 8 0
-70 44 5 0
31 -67 72 0
9 -80 -3 0
-100 -7 -51 0
-81 -25 -28 0
-54 -48 52 0
-100 62 49 0
-42 84 -45 0
-53 88 61 0
8 92 100 0
-66 -99 21 0
2 -11 37 0
78 72 84 0
16 -18 5 0
-71 94 -64 0
-67 -74 -60 0
-71 57 -44 0
90 41 -37 0
-49 -83 62 0
22 80 -68 0
69 87 28 0
-26 9 -87 0
-31 63 66 0
94 -95 -6 0
5 -35 88 0
69 14 -39 0
-16 77 -24 0
8 15 53 0
-90 22 -11 0
75 -47 82 0
-36 -15 -73 0
20 91 18 0
6 -31 -64 0
-76 4 -5 0
14 70 26 0
-31 78 -34 0
-100 74 -59 0
86 -37 41 0
32 -3 4 0
10 87 51 0
5 62 -97 0
