c instance by G2
c solution = 1000000001110001110111010001100100010010101011011110001010100001000001100111011100100000010010101110
c Known solution cost is 2401 
p cnf 100 150
w 31 65 77 18 55 5 67 5 55 86 52 86 8 15 11 94 59 63 43 54 15 76 87 37 49 79 14 62 8 78 49 12 97 62 83 24 76 53 80 29 55 8 67 17 100 42 26 53 8 67 45 84 63 62 36 13 23 94 33 10 74 8 83 68 48 26 68 64 78 84 94 40 43 6 96 87 38 57 98 95 90 50 97 2 87 20 63 3 45 62 35 34 3 97 30 15 50 11 95 37
57 75 23 0
-89 4 -16 0
33 -39 -42 0
-51 36 69 0
-59 41 -32 0
-69 -28 52 0
79 5 15 0
61 10 -22 0
39 -3 -52 0
99 -28 50 0
-70 76 6 0
33 -31 -29 0
74 -73 59 0
-66 19 -22 0
-65 92 59 0
94 84 98 0
-66 87 -93 0
34 79 -59 0
71 52 -20 0
26 33 -53 0
12 82 14 0
-81 -57 13 0
87 12 -59 0
25 -81 44 0
80 -29 -32 0
26 9 -5 0
-48 -94 63 0
86 -63 -21 0
-16 34 97 0
46 -87 100 0
-10 64 44 0
-79 -92 98 0
90 1 -30 0
28 -48 -97 0
51 -12 -80 0
-100 77 -98 0
30 -18 20 0
82 50 -98 0
11 -22 13 0
-78 -85 -75 0
54 -35 -10 0
-59 -84 72 0
77 16 84 0
28 -60 -75 0
-52 -88 3 0
-23 -75 56 0
-49 -45 -38 0
-60 -88 -75 0
31 -47 -38 0
51 27 89 0
73 -8 19 0
23 81 -42 0
48 9 35 0
23 -92 15 0
-88 -9 -1 0
-79 -7 31 0
70 -32 -1 0
94 18 65 0
-34 -78 19 0
91 -61 66 0
-45 -78 -54 0
-40 94 -7 0
-44 -79 87 0
71 -11 67 0
-24 -79 -85 0
65 -4 47 0
-25 -18 47 0
-37 94 44 0
-68 -28 34 0
-15 46 88 0
6 -8 -19 0
56 -3 61 0
-78 27 95 0
-60 92 38 0
53 -95 -47 0
31 81 -27 0
88 -72 -95 0
-79 52 99 0
60 -9 3 0
-77 -43 4 0
-35 53 -80 0
77 46 94 0
-50 -83 -58 0
-59 6 -5 0
-75 45 -16 0
-17 -14 3 0
75 -12 -93 0
-29 88 -94 0
-82 -50 69 0
-75 3 -67 0
-45 100 43 0
27 90 60 0
37 77 1 0
94 78 61 0
-74 -46 -26 0
9 -10 24 0
61 -91 -79 0
-57 -48 39 0
-13 37 -79 0
-19 40 -98 0
-21 29 30 0
76 56 -78 0
66 24 68 0
59 -39 56 0
-71 -6 30 0
-83 17 30 0
-5 73 76 0
99 -35 89 0
61 43 13 0
6 -15 -98 0
84 21 32 0
93 47 23 0
-16 -17 -94 0
-94 -48 -75 0
-96 69 56 0
43 -58 -85 0
-86 88 -50 0
33 -52 4 0
-30 88 94 0
87 3 -92 0
-1 57 6 0
87 -84 -90 0
79 81 -13 0
60 -87 91 0
-1 -71 -40 0
47 -64 -56 0
-92 88 -81 0
-43 -2 -97 0
19 21 37 0
40 -43 -33 0
-95 63 -13 0
-20 -26 89 0
94 27 55 0
-97 -73 25 0
99 -42 49 0
-9 -17 -84 0
-3 -99 -72 0
72 -87 -49 0
-67 75 56 0
-48 74 88 0
-11 -21 83 0
-73 -100 -75 0
-65 -60 4 0
-17 27 -88 0
49 7 91 0
-18 78 -58 0
69 22 -16 0
-22 -62 14 0
52 -65 72 0
8 32 7 0
