c instance by G2
c solution = 1110110110001010100101100011101000110010001100011000101110011111111110100110111000011111001101001010
c Known solution cost is 2317 
p cnf 100 150
w 75 40 4 48 68 24 87 98 32 42 87 71 43 84 36 95 97 14 17 38 44 7 24 50 1 18 82 9 41 92 33 49 26 18 7 91 66 40 36 51 62 100 15 72 92 100 56 42 19 34 54 20 79 22 82 8 67 32 80 18 84 30 21 33 71 39 71 81 41 97 12 17 59 57 24 83 15 35 1 14 3 2 5 69 43 33 88 15 20 18 13 24 90 14 53 86 78 41 38 55
-13 63 -98 0
17 -94 40 0
-45 49 -100 0
-52 -22 -91 0
7 -32 16 0
53 81 -15 0
-49 -13 48 0
59 62 -85 0
72 -73 -57 0
51 -20 -96 0
-26 -86 58 0
-62 -77 31 0
3 -55 50 0
72 77 -97 0
-95 33 88 0
-65 32 -72 0
-54 -20 18 0
55 -57 -94 0
69 -98 -26 0
63 95 -62 0
-6 -3 44 0
67 32 -5 0
93 -77 -24 0
57 -70 -62 0
20 -28 -78 0
-17 -95 -71 0
77 80 -41 0
-45 21 -77 0
98 10 74 0
8 -60 81 0
-9 6 59 0
77 3 -100 0
11 17 18 0
-57 78 -63 0
22 24 -36 0
-48 -40 73 0
-6 18 1 0
65 -9 -43 0
11 66 -84 0
64 -62 71 0
-72 33 52 0
-66 -65 -12 0
-56 -44 84 0
-42 14 -91 0
43 -27 -67 0
18 30 69 0
-36 71 79 0
-22 -28 -82 0
81 44 -74 0
-37 41 -84 0
-51 -5 -29 0
80 -66 -81 0
-12 -99 -39 0
-34 42 18 0
70 -76 40 0
86 -23 38 0
35 -22 12 0
-54 45 -50 0
-74 61 -91 0
-30 -79 25 0
-23 -65 85 0
71 -56 93 0
70 83 -10 0
33 100 66 0
23 4 -61 0
-22 -81 -73 0
-42 98 -13 0
-36 35 92 0
76 -4 42 0
-89 4 -13 0
-29 28 95 0
-13 51 62 0
-69 79 -99 0
-20 90 60 0
65 90 -57 0
26 -92 2 0
-46 -24 56 0
-21 -88 -22 0
-70 -71 11 0
87 100 91 0
3 -39 -10 0
-41 90 70 0
98 -55 5 0
-62 51 99 0
35 -16 -39 0
95 -58 33 0
71 39 93 0
-28 39 -71 0
-65 72 -33 0
-1 36 59 0
-1 -77 -38 0
93 19 -11 0
-91 -87 -98 0
-40 93 -63 0
63 -53 31 0
-99 49 -15 0
87 -36 -1 0
-22 100 13 0
20 -22 -61 0
35 -55 44 0
15 30 -39 0
-97 91 -20 0
88 90 -2 0
-82 47 -13 0
92 -6 33 0
-100 37 34 0
-61 -90 37 0
-27 86 42 0
55 -94 65 0
-79 4 36 0
-68 -14 11 0
89 -13 94 0
-57 72 -25 0
-59 -60 -57 0
-81 98 21 0
81 -91 31 0
-50 -22 96 0
-1 -53 36 0
48 -12 5 0
-29 51 -93 0
82 70 75 0
71 62 5 0
-39 45 -25 0
-99 20 52 0
-9 -2 27 0
64 25 72 0
-5 -43 67 0
-20 -16 40 0
-13 -27 68 0
33 -45 93 0
29 -89 54 0
-80 90 12 0
33 -23 -47 0
85 -100 98 0
4 29 -64 0
81 -78 97 0
-71 24 99 0
-1 -39 -54 0
-32 8 -66 0
-20 -68 -7 0
9 -91 -69 0
21 -18 -29 0
-19 -2 72 0
-36 82 56 0
-77 43 66 0
-60 -30 -87 0
-63 -28 57 0
-86 52 -46 0
22 -60 -53 0
-27 -83 58 0
