c instance by G2
c solution = 1001110001111101111001001101101010010111001111010011101101010110011111000100110011100001000111111000
c Known solution cost is 2592 
p cnf 100 150
w 38 73 26 83 31 19 22 42 94 42 22 12 37 45 40 58 75 43 89 65 53 73 22 98 1 81 32 18 53 56 6 73 72 21 100 92 51 41 60 89 29 82 71 55 64 19 96 76 61 33 11 17 25 93 55 98 59 36 24 77 62 5 47 97 46 24 22 70 82 12 32 60 77 61 57 44 12 59 51 52 21 66 4 52 80 55 49 79 59 68 78 14 41 28 72 58 31 51 67 69
85 8 -15 0
-16 47 67 0
97 -63 -42 0
80 -64 -46 0
47 -2 -44 0
-97 -69 81 0
55 22 -27 0
37 -72 -20 0
51 -69 -46 0
29 -82 -63 0
-85 -93 22 0
84 -53 -65 0
-92 78 -85 0
2 -74 33 0
78 -44 -14 0
-68 20 -30 0
-90 -33 -31 0
-46 -35 -92 0
70 7 -36 0
-40 12 -18 0
-14 20 -86 0
-34 40 -68 0
-91 100 -29 0
-50 -13 -10 0
42 48 70 0
-69 90 62 0
-69 37 -20 0
34 -68 55 0
87 -78 58 0
-81 79 52 0
13 -95 -39 0
-22 -89 -10 0
32 -84 98 0
-80 -10 24 0
93 9 54 0
87 -42 7 0
-1 -47 92 0
23 96 -51 0
85 -10 5 0
89 90 -21 0
98 26 -94 0
-43 -77 97 0
36 -63 -11 0
-52 30 31 0
33 15 -95 0
15 -19 11 0
81 -10 82 0
47 57 -75 0
-14 75 22 0
-34 71 17 0
65 86 16 0
77 -60 50 0
1 3 -53 0
23 -53 -99 0
-92 61 17 0
-40 18 42 0
25 -99 -17 0
65 25 -68 0
-62 -32 -24 0
-5 65 60 0
93 89 -92 0
80 23 69 0
72 36 50 0
-4 -54 49 0
88 39 76 0
-52 -72 79 0
68 -26 47 0
28 32 48 0
83 58 -96 0
40 89 87 0
16 -13 27 0
27 12 -38 0
72 -1 66 0
-46 2 -50 0
-51 4 -25 0
89 59 -47 0
-46 67 -35 0
-78 -98 64 0
-86 -33 -4 0
-33 -28 -87 0
11 -38 -40 0
-80 47 -94 0
79 98 74 0
95 54 39 0
-1 18 85 0
-51 39 -28 0
91 -51 83 0
61 21 19 0
32 -98 41 0
-35 -32 -38 0
-54 -36 -4 0
-11 28 -18 0
-31 -59 98 0
43 -93 -95 0
-51 -79 33 0
51 -61 62 0
-38 -28 10 0
71 56 -43 0
-22 -53 -37 0
-6 41 38 0
-74 -96 82 0
35 -92 -34 0
57 58 -22 0
-20 11 17 0
91 -47 -97 0
-27 73 -58 0
30 -76 -38 0
-78 -22 -41 0
36 -85 32 0
-32 -43 -38 0
-45 46 59 0
-16 -44 -86 0
-68 -17 -57 0
-7 -58 -26 0
-78 94 8 0
-61 -16 71 0
30 -69 -9 0
-100 24 23 0
98 -18 -73 0
-48 76 -71 0
71 -48 14 0
34 28 -53 0
-8 23 15 0
-2 -17 60 0
76 94 23 0
-11 90 12 0
27 -11 63 0
-49 -43 -55 0
-79 73 -31 0
-6 98 45 0
86 95 91 0
-24 -82 32 0
52 -58 -63 0
-61 14 -9 0
-96 -85 23 0
-69 6 -12 0
-3 -48 85 0
53 -19 42 0
48 50 -58 0
-19 -32 -23 0
-23 -40 -62 0
-22 -54 -14 0
-69 87 44 0
60 89 -26 0
-63 92 54 0
-56 68 -28 0
21 -64 -45 0
-68 -18 -76 0
-30 -96 -77 0
87 -95 88 0
