c instance by G2
c solution = 0110100111101001001001100101001001011100111001001001001001110001000101010101000000100111011011010001
c Known solution cost is 2048 
p cnf 100 150
w 99 10 42 15 62 20 16 61 62 53 21 22 86 100 55 80 28 82 22 59 11 39 7 62 36 78 56 92 46 66 8 25 58 24 55 47 10 10 16 6 71 88 58 37 8 84 22 98 33 3 4 19 38 29 63 58 84 34 55 53 50 56 93 13 6 79 50 32 32 64 22 26 54 100 39 39 90 76 57 77 12 90 59 38 52 60 85 8 2 39 67 58 37 23 29 9 80 23 40 15
46 -89 -43 0
-15 75 -46 0
3 -41 37 0
-21 -19 39 0
51 54 76 0
-80 1 95 0
87 -64 27 0
58 2 -32 0
65 -53 1 0
-95 87 74 0
-50 45 -68 0
-91 78 -7 0
49 66 -93 0
-70 27 -63 0
14 -30 33 0
56 41 -31 0
55 4 95 0
76 -55 -88 0
-10 79 31 0
1 -48 -60 0
-13 -33 -19 0
6 -61 -42 0
51 63 -82 0
-62 51 56 0
66 35 55 0
-34 -79 65 0
40 26 -2 0
49 -48 -6 0
-42 -4 -55 0
-26 -18 -34 0
-94 99 60 0
-41 57 9 0
-35 24 -91 0
-71 -16 60 0
-39 44 -10 0
64 -10 -23 0
80 17 -98 0
46 -19 7 0
-11 76 93 0
68 50 33 0
57 71 -99 0
-87 74 -58 0
94 61 67 0
-95 -36 -52 0
85 -91 -75 0
6 -85 47 0
-19 -58 -45 0
-13 95 19 0
100 4 78 0
54 -71 61 0
21 37 -36 0
-42 -63 -39 0
-32 29 -37 0
90 9 -47 0
23 -90 79 0
-17 48 47 0
-39 -19 70 0
-23 85 52 0
5 -38 73 0
73 -77 -41 0
-94 -23 -53 0
39 -29 61 0
44 -34 -56 0
28 35 -13 0
7 64 -63 0
-54 81 95 0
53 -23 -69 0
47 3 24 0
-67 -59 -90 0
-35 -4 13 0
6 -99 76 0
47 90 18 0
-76 -16 91 0
21 -44 39 0
49 -62 39 0
96 -44 -99 0
-91 40 -6 0
-76 37 4 0
-5 72 -43 0
47 -22 -77 0
5 -83 -42 0
27 45 -67 0
70 69 -72 0
52 41 85 0
-26 9 7 0
-38 54 58 0
-85 -78 69 0
-78 -74 95 0
-32 -9 -28 0
-53 -23 55 0
-16 65 -40 0
-76 66 -92 0
-8 39 -73 0
-97 -70 -37 0
-16 19 -93 0
-66 15 71 0
-25 51 92 0
67 6 -14 0
-41 -20 65 0
40 -57 77 0
86 82 -55 0
43 -57 -39 0
39 66 22 0
-86 93 -91 0
-83 11 77 0
-19 -12 63 0
12 83 -55 0
-93 55 53 0
93 -1 68 0
-46 18 96 0
33 59 18 0
-87 78 10 0
21 17 -54 0
42 82 40 0
5 -34 -71 0
-65 -59 7 0
-70 -47 -43 0
-60 -1 75 0
-89 -11 -87 0
-72 8 53 0
-5 66 34 0
97 45 -27 0
-52 -60 -4 0
-81 -70 24 0
42 45 98 0
24 -74 38 0
-48 91 -88 0
-20 45 -5 0
28 -2 8 0
79 -97 -1 0
68 -55 27 0
-84 81 18 0
-2 -36 -24 0
13 30 92 0
-94 88 4 0
-28 -69 -9 0
-51 65 6 0
17 95 94 0
-47 62 -23 0
45 14 31 0
88 75 54 0
-69 66 -51 0
50 43 -96 0
-87 -59 -82 0
-1 -13 -47 0
-92 93 34 0
81 16 -52 0
-70 2 99 0
36 -55 -8 0
-62 -33 43 0
