c instance by G2
c solution = 0000100011110110101111000100101011100100010111110101100000100111011101111101110010000100001010111010
c Known solution cost is 2751 
p cnf 100 150
w 89 23 64 89 36 94 37 45 32 14 82 95 38 34 64 82 88 35 15 81 56 64 70 43 94 61 76 7 34 29 5 20 96 13 38 25 99 80 26 94 58 32 100 29 91 79 9 9 23 85 80 63 80 10 10 84 9 25 46 30 34 96 32 34 32 8 93 42 71 73 87 53 97 5 93 11 93 19 5 27 52 47 37 57 50 88 86 13 26 23 33 61 20 19 50 92 88 81 74 60
-10 27 76 0
43 -93 -23 0
80 84 -82 0
78 30 -97 0
99 -70 -35 0
-73 37 71 0
59 69 -44 0
-94 -10 -42 0
-33 1 52 0
46 2 -42 0
-72 77 -6 0
-88 -91 -73 0
27 -73 29 0
-13 -97 56 0
55 29 -34 0
-53 80 -98 0
7 46 -47 0
-17 49 -80 0
42 77 -26 0
-36 78 24 0
84 14 37 0
-71 -10 -18 0
-41 10 -19 0
-74 22 6 0
96 -73 1 0
-7 -19 -59 0
-78 -19 10 0
25 -61 -52 0
-3 31 1 0
-70 -54 -24 0
-21 95 6 0
-73 95 98 0
69 -41 -83 0
-100 -17 90 0
39 -79 -33 0
-45 -26 5 0
-54 -12 -33 0
-90 51 36 0
-10 -66 -51 0
-8 13 87 0
4 -95 53 0
-84 -11 4 0
-99 5 -71 0
-85 23 40 0
-83 34 -92 0
98 93 -34 0
63 39 -11 0
-71 30 74 0
75 40 -41 0
-66 -37 -69 0
94 80 -28 0
66 -3 47 0
-74 -27 -44 0
-86 -55 27 0
68 4 32 0
68 33 -78 0
79 -24 -20 0
-83 32 -15 0
38 -12 -71 0
-57 -26 -15 0
-39 85 -31 0
96 -22 54 0
-47 50 -71 0
-19 -26 -88 0
14 35 73 0
39 -58 -3 0
9 16 -20 0
80 -40 1 0
-27 75 73 0
-97 -30 8 0
-86 73 8 0
-67 -93 35 0
-5 -19 -40 0
18 54 66 0
-29 31 54 0
51 24 -23 0
77 -59 3 0
-59 91 66 0
84 81 12 0
25 -3 -68 0
-12 60 20 0
80 -21 -43 0
-54 -79 -62 0
67 21 -68 0
-10 11 92 0
-87 -35 92 0
30 45 88 0
-41 -73 19 0
28 -56 -33 0
-33 96 73 0
-29 97 -96 0
54 36 19 0
27 -9 -92 0
15 43 100 0
7 -95 68 0
85 -97 42 0
57 -72 -60 0
-19 11 27 0
45 -16 -6 0
-43 13 99 0
87 -10 -32 0
48 -22 90 0
64 24 98 0
-22 -97 19 0
-49 -100 -50 0
-96 -16 73 0
-52 -36 -72 0
-53 63 -48 0
-78 47 18 0
37 81 79 0
-14 -97 -6 0
-61 5 16 0
-31 29 94 0
-29 91 -11 0
-15 68 -96 0
21 37 79 0
37 92 67 0
-19 -15 47 0
-42 -90 44 0
-1 55 40 0
26 -91 79 0
-31 33 32 0
85 90 -37 0
-10 -75 -73 0
-10 -16 -31 0
68 84 15 0
56 79 -4 0
-75 -1 25 0
-71 94 44 0
86 57 89 0
82 17 -86 0
-61 -51 24 0
-99 -25 98 0
-33 12 -47 0
-2 -91 -67 0
78 58 67 0
-66 72 -48 0
39 -9 -3 0
-38 -89 -67 0
7 33 -68 0
100 -32 -21 0
-19 51 -65 0
62 -78 -73 0
-50 29 99 0
-46 -1 13 0
-77 32 34 0
-96 13 -49 0
-62 -69 -19 0
85 -63 -58 0
70 -81 -15 0
