c instance by G2
c solution = 0101110100011111001101110000000111011101001110101000110010000010110010100011110101100001011110110001
c Known solution cost is 2668 
p cnf 100 150
w 76 51 19 26 34 93 80 21 71 65 52 36 84 97 49 92 90 9 30 90 37 10 69 68 99 13 87 64 8 73 23 59 84 23 72 36 58 28 65 85 32 60 62 65 21 91 74 21 75 13 98 78 58 3 92 5 100 85 56 3 35 72 64 43 86 29 46 61 7 20 26 57 29 70 81 98 24 63 8 81 40 7 15 5 81 2 20 72 4 41 95 44 62 9 46 43 65 37 25 3
-41 -26 76 0
30 -47 76 0
-78 57 -23 0
-90 -65 -10 0
70 -26 55 0
35 99 47 0
-23 -90 53 0
-33 -49 -99 0
-16 81 54 0
-40 -14 -98 0
81 -97 54 0
28 -80 -30 0
-53 -18 68 0
33 -44 -17 0
-33 -35 96 0
-58 30 -91 0
-24 74 44 0
-6 88 -91 0
23 10 71 0
80 -24 3 0
-46 -20 -65 0
84 21 -11 0
-15 -94 -29 0
-13 74 36 0
61 -76 -73 0
-98 38 94 0
31 -85 50 0
-90 67 37 0
41 97 -59 0
48 40 -6 0
57 -83 51 0
56 -46 -6 0
14 40 -28 0
91 10 96 0
-95 56 45 0
-37 -13 -56 0
42 -25 -88 0
-1 -73 95 0
12 -34 17 0
11 -67 -77 0
-80 -32 15 0
25 -19 -10 0
36 64 26 0
67 -33 -39 0
19 58 46 0
17 -54 -48 0
43 98 28 0
74 -92 49 0
-43 100 -88 0
-62 -63 -20 0
6 15 16 0
-80 17 -35 0
-15 63 -13 0
46 77 10 0
3 -72 74 0
-100 -54 -74 0
-24 1 -89 0
-21 -26 -1 0
-79 61 -13 0
-25 100 38 0
84 72 -28 0
79 -68 -100 0
-20 93 -91 0
50 70 23 0
-60 74 41 0
71 46 -98 0
61 22 -47 0
-54 -63 38 0
-49 3 -61 0
97 60 92 0
-4 -15 95 0
11 -77 -86 0
-34 7 -97 0
-13 -50 74 0
23 16 96 0
-22 33 -66 0
88 30 -49 0
-22 40 48 0
-24 -77 -64 0
61 75 -36 0
8 -76 -53 0
30 24 31 0
95 4 13 0
55 64 66 0
6 61 52 0
98 -41 -75 0
68 29 -41 0
-43 -67 -54 0
42 56 40 0
-17 97 60 0
75 -100 -90 0
25 48 -7 0
-98 -20 -27 0
-43 -5 -29 0
86 19 -71 0
-60 -16 68 0
42 -12 -94 0
-98 -9 -29 0
-21 81 25 0
14 -95 9 0
20 -75 -88 0
92 100 36 0
-19 -31 -91 0
55 91 -2 0
39 9 82 0
4 93 30 0
80 -57 26 0
-54 4 -43 0
62 -1 84 0
-90 96 94 0
13 -20 18 0
-62 -79 -72 0
34 -5 -95 0
-18 -61 -17 0
-83 16 56 0
-32 -87 42 0
-90 -45 -72 0
89 86 -42 0
-63 35 32 0
60 71 64 0
50 54 55 0
-53 -90 -84 0
26 -27 35 0
36 90 -87 0
-90 73 -52 0
-63 42 5 0
78 -66 11 0
90 99 30 0
65 -54 -77 0
72 -40 69 0
-33 -12 -31 0
-43 -37 8 0
-72 -42 100 0
-95 -68 27 0
-43 62 83 0
35 59 -81 0
95 -34 52 0
-100 49 -48 0
29 -70 73 0
-88 -100 2 0
-25 11 17 0
-57 -9 -6 0
52 -10 -65 0
87 -76 100 0
-3 26 70 0
-55 -22 -49 0
47 28 -66 0
-80 -4 77 0
28 63 4 0
18 74 -51 0
