c instance by G2
c solution = 0011101110110101001110110111001010010011010010100000000110111111110110011100001100011010011100110101
c Known solution cost is 2788 
p cnf 100 150
w 22 21 73 49 68 74 94 45 95 41 7 66 79 20 68 14 97 36 51 36 10 30 59 58 14 23 97 83 63 78 71 94 60 33 23 98 99 79 91 86 59 86 36 81 58 47 6 62 3 8 18 60 40 78 9 66 69 82 24 84 98 63 10 32 85 26 20 38 3 99 35 85 89 50 42 42 71 48 13 5 6 60 27 10 31 14 71 73 66 100 5 39 41 62 98 4 100 21 83 65
-33 -80 66 0
-73 32 84 0
-84 -80 -83 0
-66 -10 94 0
-61 65 68 0
-87 -32 94 0
-77 -31 3 0
-16 69 55 0
62 -26 86 0
19 2 35 0
-36 -44 -91 0
41 -98 -97 0
47 -8 88 0
-65 79 80 0
-42 100 88 0
-5 79 -82 0
92 6 81 0
31 -40 -48 0
82 -78 -100 0
47 93 -18 0
-82 -84 6 0
94 -78 46 0
-43 25 -16 0
-57 -19 45 0
-65 28 -11 0
-63 66 -11 0
-8 7 53 0
50 -38 49 0
13 25 96 0
19 38 -42 0
17 93 -1 0
18 -59 -67 0
-55 -68 -64 0
-13 82 -62 0
-98 81 36 0
-59 21 -33 0
80 -33 34 0
-61 -20 98 0
94 -83 49 0
2 -20 100 0
-22 -91 -57 0
13 -17 1 0
-59 -51 -4 0
42 -57 43 0
-42 54 -75 0
-43 -63 -2 0
-36 -81 35 0
73 22 97 0
-86 78 18 0
-77 -1 46 0
19 -78 -43 0
-84 -34 72 0
63 -9 55 0
72 -90 -56 0
-11 39 -100 0
-45 -96 -81 0
49 21 30 0
78 23 54 0
-84 -65 -88 0
89 93 7 0
-30 -54 23 0
52 -76 29 0
-58 98 -38 0
-66 -99 -59 0
-87 34 -35 0
-24 89 12 0
-59 -49 34 0
-29 -40 -39 0
43 -48 74 0
54 -70 -87 0
50 -53 46 0
15 -7 -34 0
57 67 70 0
30 -39 87 0
9 6 -23 0
-52 -20 -90 0
-92 -5 -30 0
37 14 67 0
70 -78 65 0
12 46 -96 0
4 94 -19 0
11 67 -47 0
64 -72 23 0
83 22 20 0
-27 90 -96 0
48 -89 -12 0
1 52 -44 0
10 43 33 0
-54 32 -14 0
41 71 -50 0
50 -42 -25 0
-74 24 -96 0
-77 -59 51 0
1 16 55 0
-93 6 -27 0
-40 -44 -66 0
85 -16 75 0
-18 15 49 0
-20 26 -74 0
94 -24 -46 0
-48 -63 70 0
-100 -82 80 0
71 40 -65 0
15 46 68 0
-71 38 -57 0
-84 -32 76 0
74 -19 -27 0
65 35 -92 0
65 -34 47 0
7 -25 -29 0
84 -92 70 0
99 91 48 0
-59 44 63 0
25 -72 64 0
98 55 -57 0
-15 89 -33 0
87 78 41 0
-9 -35 -74 0
51 79 -87 0
-61 -40 -58 0
18 33 -21 0
-90 -6 10 0
11 -40 14 0
-20 -19 8 0
38 -40 -2 0
82 -78 68 0
67 -14 60 0
-47 82 61 0
4 44 99 0
-100 -95 -94 0
43 25 59 0
90 29 -28 0
-16 -58 78 0
-43 -85 -23 0
3 -42 29 0
-61 -63 -71 0
99 31 30 0
49 -41 -42 0
-60 5 89 0
-88 56 89 0
-53 74 -62 0
-48 40 59 0
100 -60 12 0
-89 45 76 0
95 41 81 0
-9 -37 -33 0
-69 2 -25 0
-17 -26 20 0
44 27 82 0
-68 44 56 0
