c instance by G2
c solution = 1101010101011100010011010011001100101011001000100010000110000010001101011111100110101010000100011111
c Known solution cost is 2126 
p cnf 100 150
w 36 91 84 8 40 22 46 87 25 64 19 10 16 27 31 16 51 1 5 69 12 10 79 56 34 81 53 65 79 4 39 95 34 97 26 44 44 15 20 100 62 63 35 22 53 57 100 49 58 77 89 82 98 33 87 23 36 29 46 94 3 16 52 100 2 25 89 17 13 27 4 12 77 40 42 12 62 47 10 8 65 80 33 25 2 84 50 96 48 6 86 10 17 76 28 100 94 57 75 37
90 -65 52 0
49 39 -97 0
-96 -81 32 0
-7 59 -100 0
16 -62 -8 0
85 72 -100 0
-25 -51 46 0
-19 79 88 0
-55 -51 -10 0
47 -64 -57 0
-86 47 -34 0
-90 59 -17 0
-88 -57 -30 0
-20 15 -96 0
-3 -40 -75 0
69 87 -100 0
93 -65 -30 0
70 79 -4 0
11 34 40 0
66 -37 80 0
25 94 47 0
78 -84 23 0
-74 16 -49 0
86 -34 16 0
-89 -87 57 0
10 -27 -76 0
45 -83 96 0
98 45 11 0
-14 -67 -41 0
84 -86 92 0
83 5 50 0
-5 -35 -68 0
-22 48 85 0
-64 -4 88 0
65 -10 32 0
68 -47 26 0
4 27 45 0
-99 -37 -11 0
-14 90 -26 0
58 79 -60 0
39 -54 -78 0
-43 80 100 0
36 90 -48 0
59 66 28 0
79 19 22 0
-82 -13 48 0
-67 -16 -10 0
-80 72 61 0
-73 -82 -99 0
75 20 -77 0
-8 38 -86 0
25 -38 -67 0
-58 -100 -43 0
69 -40 -29 0
-47 -66 -98 0
43 38 90 0
-37 25 -95 0
-27 -79 -2 0
37 -45 -87 0
84 -51 -45 0
-51 63 16 0
-87 -17 48 0
61 27 95 0
-16 95 41 0
19 8 23 0
81 -27 -47 0
70 77 19 0
-15 85 30 0
23 14 16 0
97 -73 3 0
51 89 42 0
-63 -29 -12 0
-67 25 32 0
73 -80 91 0
55 -32 57 0
-42 75 -64 0
-27 13 -97 0
-51 91 -61 0
100 -40 -97 0
78 23 -36 0
1 71 50 0
2 -35 50 0
-94 25 -96 0
-2 91 -46 0
-54 -63 7 0
1 52 -19 0
44 -62 -14 0
77 -96 26 0
5 -12 99 0
35 28 95 0
84 29 35 0
-90 19 -57 0
-40 60 74 0
-45 -57 62 0
45 20 -65 0
66 -6 -33 0
11 -48 -1 0
-85 -52 -99 0
66 37 5 0
44 21 60 0
-81 -15 -6 0
82 -27 75 0
69 -86 -83 0
-32 92 9 0
67 16 17 0
49 52 6 0
74 -62 93 0
-93 -1 19 0
71 78 -44 0
-69 -83 -56 0
9 27 25 0
64 45 74 0
-7 65 -35 0
52 67 88 0
60 66 -7 0
53 45 24 0
90 -22 -91 0
46 -89 61 0
-27 -1 -59 0
-53 61 41 0
-21 12 16 0
-92 25 68 0
43 -30 -9 0
-50 -12 52 0
-3 -72 -91 0
90 32 20 0
95 56 82 0
-43 91 -71 0
66 -47 81 0
34 -27 -9 0
-43 -86 59 0
68 -44 -91 0
44 -13 4 0
23 -4 18 0
-31 -75 -23 0
-42 -24 11 0
52 -17 -77 0
-12 -8 31 0
-30 17 -14 0
28 75 92 0
-70 90 -49 0
-69 -37 21 0
-78 -68 65 0
77 -91 53 0
13 -34 79 0
-35 95 -91 0
-36 86 17 0
-18 76 -37 0
44 -49 15 0
9 46 -88 0
