c instance by G2
c solution = 0100100100000110110000001011110101000110101001101011011111110011001011100111011101110011010110001010
c Known solution cost is 2718 
p cnf 100 150
w 31 71 28 94 95 25 62 34 35 86 8 10 63 34 91 93 86 90 44 6 23 5 60 1 11 25 22 74 14 59 33 9 34 4 21 20 69 92 5 44 68 47 40 3 86 69 78 73 50 54 88 72 83 21 100 89 54 100 7 34 37 25 56 13 82 77 81 69 76 47 8 33 85 62 47 87 79 1 48 42 10 32 1 69 17 64 91 7 1 49 78 68 7 3 23 11 70 28 95 100
-11 -6 39 0
50 -34 -23 0
36 -51 47 0
-57 95 -31 0
42 -37 53 0
53 -33 -75 0
60 -5 -7 0
4 -11 -76 0
-96 -93 53 0
11 -66 -54 0
20 -42 -38 0
-12 68 -38 0
42 67 -94 0
-64 71 -50 0
44 -52 -85 0
-95 12 94 0
26 75 -97 0
62 -36 -39 0
86 -6 -49 0
-59 30 3 0
94 -36 -33 0
-46 -16 12 0
50 -22 -46 0
-34 43 50 0
-90 -43 92 0
-89 -25 33 0
-29 -19 21 0
-30 -8 93 0
-65 -34 10 0
62 11 78 0
-5 -21 44 0
-78 81 14 0
-67 81 -72 0
3 41 -85 0
-73 9 -38 0
-86 -44 84 0
66 84 31 0
20 -88 82 0
-48 -2 -55 0
-90 -18 29 0
-88 80 42 0
-53 37 -85 0
-40 7 95 0
-63 -33 49 0
41 86 -69 0
25 -38 -51 0
24 -30 97 0
65 17 -2 0
38 -97 56 0
-3 -66 56 0
62 -98 -70 0
20 -48 -60 0
-3 -70 19 0
-26 -67 24 0
-83 63 -64 0
49 -59 -70 0
77 -23 -52 0
60 -76 13 0
-2 -67 -62 0
96 -20 73 0
13 37 88 0
9 94 -44 0
75 73 97 0
54 85 11 0
-67 -96 -70 0
-46 56 -80 0
-53 4 -57 0
72 3 -24 0
-91 100 13 0
34 -5 33 0
-10 51 -67 0
17 33 83 0
-16 38 37 0
66 71 -55 0
24 -77 -60 0
3 -99 -35 0
-60 -76 51 0
33 -71 58 0
69 81 -80 0
-50 85 61 0
-69 -17 5 0
-43 -28 -94 0
73 57 44 0
-21 60 -79 0
-18 -26 -93 0
-82 -45 66 0
-65 20 -50 0
-90 62 78 0
73 53 90 0
36 -9 -41 0
-39 -4 19 0
83 -78 3 0
18 -78 -79 0
-9 18 -97 0
-80 88 -75 0
2 81 -83 0
16 -87 39 0
2 -49 4 0
-26 5 -1 0
66 17 -8 0
45 -93 46 0
-77 10 -56 0
-56 35 76 0
50 -89 78 0
32 -82 95 0
-34 -5 29 0
84 99 85 0
-68 33 86 0
-74 -20 -76 0
-8 4 27 0
76 -15 97 0
75 57 72 0
48 -41 87 0
-100 -29 -14 0
64 -76 86 0
-1 36 -64 0
8 -46 9 0
-13 -46 -29 0
100 74 23 0
-4 40 -80 0
81 -16 -56 0
-78 -7 31 0
33 64 -100 0
78 93 64 0
55 -6 -94 0
35 9 55 0
30 -10 6 0
71 -52 -83 0
86 -43 39 0
-9 -19 32 0
100 -92 -7 0
100 -18 64 0
43 86 23 0
48 -10 -64 0
15 -39 -46 0
84 -68 48 0
-86 7 42 0
38 40 -79 0
-61 -39 -55 0
77 79 -41 0
100 -11 96 0
77 23 59 0
-60 -39 99 0
-93 67 -43 0
-80 -81 -70 0
9 28 -54 0
-39 55 -24 0
-46 -76 52 0
70 73 9 0
-34 -79 30 0
