c instance by G2
c solution = 1010011011101101101110110010010000011011111011110000100111101001010111000011110011010100001011010011
c Known solution cost is 2867 
p cnf 100 150
w 59 14 31 53 33 51 64 7 20 7 4 62 54 63 34 14 96 74 12 21 94 84 30 46 33 31 96 39 16 77 88 34 40 40 2 44 57 26 60 27 74 66 25 47 10 47 95 90 45 10 43 46 6 62 60 15 84 54 59 12 21 78 50 83 78 33 45 73 56 80 47 89 96 33 99 52 100 48 8 28 73 31 68 2 85 96 2 97 39 3 67 52 98 39 35 67 88 11 49 48
49 70 60 0
85 -11 77 0
55 27 -53 0
71 -29 -46 0
-68 61 87 0
62 45 -9 0
-23 -55 32 0
71 38 100 0
-47 16 -3 0
-70 -18 87 0
43 83 -48 0
-21 -31 51 0
-95 65 -91 0
-2 89 15 0
-13 -43 -25 0
-28 6 18 0
17 20 46 0
70 -30 88 0
11 83 26 0
82 51 -100 0
80 -45 36 0
93 -46 34 0
30 -13 -78 0
52 -37 40 0
31 -20 56 0
61 -45 -36 0
62 52 47 0
18 45 -30 0
-59 69 -16 0
29 -78 -74 0
9 74 35 0
83 -34 -41 0
75 -64 54 0
-86 -44 -9 0
-14 15 76 0
-36 3 17 0
65 -12 71 0
-13 64 73 0
-70 -53 -34 0
12 13 -55 0
-37 -41 -72 0
21 -84 -14 0
95 -36 -88 0
-92 56 -69 0
-23 -42 -67 0
-91 98 81 0
-48 37 -64 0
68 -7 -1 0
-44 -35 -28 0
-60 -32 48 0
35 4 -60 0
-27 26 -38 0
-1 55 3 0
-75 87 91 0
79 52 -54 0
-61 16 64 0
41 -66 -42 0
-53 -17 -4 0
22 -35 32 0
-50 -1 -20 0
1 18 -84 0
-73 -23 -14 0
7 -39 12 0
99 -82 -100 0
86 -50 -14 0
65 -35 53 0
44 85 -8 0
28 -5 -20 0
12 -33 -76 0
96 -94 80 0
-72 62 -41 0
-51 33 -17 0
-36 -28 -60 0
88 -89 -39 0
29 -39 66 0
-58 -22 54 0
56 25 31 0
-93 -85 -75 0
25 -45 17 0
46 29 -24 0
95 -97 -3 0
88 -64 -62 0
14 -90 89 0
71 -57 -89 0
-96 -64 94 0
-32 92 73 0
3 -90 76 0
14 -18 30 0
57 15 -6 0
95 -35 88 0
-44 82 76 0
18 -26 -19 0
-85 -19 -64 0
-3 71 -63 0
16 -47 -66 0
-22 88 -87 0
89 72 13 0
32 81 52 0
-10 23 67 0
56 63 -53 0
64 -8 18 0
-44 33 -65 0
95 19 -76 0
-65 40 36 0
-52 -12 -71 0
-68 17 57 0
29 66 -43 0
-93 4 -28 0
-90 -13 31 0
-84 -58 -89 0
-67 -36 62 0
-48 -65 -46 0
28 -86 53 0
13 -12 -48 0
-27 18 -31 0
87 89 59 0
-69 68 -92 0
-87 29 -20 0
-45 -92 22 0
88 6 -70 0
95 -39 -15 0
87 -9 24 0
66 -72 71 0
-28 -19 89 0
-36 -71 -27 0
-17 35 -79 0
42 -91 38 0
75 -41 -95 0
88 33 78 0
-99 -21 -87 0
60 -21 -80 0
85 -83 31 0
-71 -67 -50 0
-47 -92 35 0
18 -98 -19 0
20 73 80 0
-82 49 -38 0
-49 74 -27 0
50 100 -9 0
94 -19 -100 0
26 -100 -52 0
74 -54 -96 0
-14 39 -9 0
14 -100 72 0
33 -77 58 0
-94 67 86 0
2 10 -40 0
-100 84 88 0
65 -39 -49 0
48 83 5 0
