c instance by G2
c solution = 1100101000001010100000000101111011111110000110100110010110010111011111011111101010111111010011111000
c Known solution cost is 3022 
p cnf 100 150
w 20 39 79 57 99 51 61 5 87 99 83 44 94 28 20 53 88 36 6 8 75 10 6 72 28 6 14 57 37 44 35 84 95 79 82 50 78 52 33 49 36 28 6 28 19 60 99 30 100 89 89 56 7 73 94 96 85 24 35 72 84 41 40 21 20 86 23 54 91 11 49 9 99 52 5 58 59 91 26 32 88 79 42 19 51 91 24 55 86 39 83 92 63 77 3 12 64 21 48 76
24 93 -87 0
-70 -63 72 0
-89 -66 12 0
25 -19 22 0
-60 -4 -74 0
-33 -71 24 0
91 12 68 0
-26 68 91 0
-56 70 18 0
22 97 -69 0
-25 64 -92 0
77 -84 53 0
69 43 -87 0
85 -39 -90 0
24 52 -98 0
-25 40 68 0
-74 98 1 0
18 -93 56 0
-85 -79 -82 0
-38 -87 84 0
-49 10 4 0
78 -16 -88 0
18 96 -86 0
61 -53 -50 0
-79 -52 -30 0
65 31 91 0
-70 -78 -85 0
37 -83 89 0
-10 -43 96 0
5 89 -51 0
70 -56 42 0
42 57 89 0
-67 -23 -60 0
-9 72 -31 0
-47 -73 90 0
-55 91 -83 0
-38 -84 95 0
-95 54 -64 0
-54 74 -57 0
47 12 24 0
91 -21 -30 0
21 100 -8 0
26 22 98 0
-92 -75 14 0
4 36 48 0
38 -35 -90 0
98 94 -93 0
-15 -32 -63 0
62 -38 -5 0
-3 48 12 0
-83 -9 -98 0
-69 -89 -71 0
100 -1 -20 0
80 -26 47 0
-85 -2 -100 0
100 96 -26 0
-26 -37 -65 0
85 -45 -2 0
-22 -96 -7 0
83 99 -31 0
30 -66 88 0
-81 35 46 0
-62 -55 -27 0
-79 100 -80 0
-79 6 -42 0
45 63 -50 0
56 46 89 0
-61 41 -64 0
-27 -9 76 0
-96 33 -34 0
-86 19 -40 0
8 27 81 0
29 4 20 0
-7 4 -12 0
-17 -37 63 0
58 7 -89 0
-46 39 -70 0
44 22 71 0
42 99 -52 0
62 57 27 0
60 27 41 0
33 -42 -38 0
-6 -62 92 0
5 37 71 0
80 -96 -9 0
50 99 10 0
65 32 79 0
25 13 -57 0
-38 25 -18 0
73 -26 -29 0
45 -37 -75 0
-60 -41 73 0
-66 35 -28 0
10 -66 -59 0
88 -15 -1 0
74 42 5 0
88 93 66 0
29 -35 67 0
91 28 58 0
27 -91 -45 0
89 49 29 0
-92 46 -15 0
42 -43 91 0
-91 58 -44 0
-11 -68 -26 0
-32 82 -62 0
34 21 78 0
78 -85 -25 0
-5 -58 61 0
-72 80 -27 0
-42 30 1 0
-99 11 -28 0
-82 4 -73 0
-15 11 -59 0
-37 49 -46 0
-77 -10 40 0
51 -34 -84 0
43 9 38 0
35 -39 40 0
43 -24 98 0
-93 -80 30 0
18 76 52 0
34 -78 39 0
63 -51 -20 0
2 -77 -85 0
-34 13 -95 0
62 75 38 0
64 -2 -16 0
29 -50 -18 0
-89 -74 -65 0
40 8 66 0
-7 -48 -35 0
86 -47 32 0
80 -69 15 0
-96 -97 57 0
81 -55 -85 0
-13 -50 39 0
-31 -41 -66 0
87 -74 82 0
-14 42 18 0
9 -25 32 0
40 7 -5 0
-88 7 16 0
-33 9 30 0
-64 -94 75 0
46 17 89 0
-76 67 -93 0
-45 47 -57 0
61 -98 92 0
-45 -62 64 0
