c instance by G2
c solution = 0000100111110011001000001001100101110110100011111100111101000111111011000011110001011100010100011110
c Known solution cost is 3002 
p cnf 100 150
w 98 37 92 16 93 80 88 95 1 73 4 96 37 98 17 94 97 53 48 26 65 20 6 7 30 64 37 40 51 88 53 53 74 58 80 96 92 52 13 28 98 93 64 76 25 79 7 80 54 20 70 91 83 85 77 88 62 56 5 13 13 2 53 14 69 62 77 71 93 62 93 93 43 95 95 15 32 59 61 94 96 46 33 83 86 69 53 7 75 30 72 92 81 92 53 83 95 15 24 14
-98 -43 -48 0
-27 -99 -41 0
91 -25 -44 0
-20 -16 -65 0
-12 -61 33 0
-91 -51 13 0
47 -37 -96 0
-22 15 90 0
-21 59 -39 0
-22 59 97 0
88 35 14 0
26 22 -52 0
-45 3 -14 0
-95 -28 2 0
-66 -13 -28 0
4 54 73 0
-82 -29 46 0
-38 -55 86 0
24 -74 2 0
24 9 100 0
81 16 100 0
26 33 -31 0
3 97 -23 0
-49 58 -79 0
-51 -89 27 0
46 -48 -84 0
-62 50 -11 0
-78 -10 55 0
-28 66 -72 0
-89 -63 -56 0
34 -24 40 0
-70 45 -41 0
-59 70 -13 0
-43 5 4 0
-77 -56 32 0
59 43 -94 0
61 -17 89 0
4 -26 52 0
95 1 62 0
-99 39 88 0
-96 -42 74 0
81 69 87 0
-45 49 -10 0
-53 -51 20 0
34 17 93 0
-11 80 -72 0
-85 29 -77 0
-29 98 89 0
68 79 92 0
3 -68 18 0
37 34 27 0
93 -3 -58 0
33 -53 90 0
-78 -19 -43 0
-35 99 23 0
6 53 57 0
-84 27 25 0
-62 -4 -11 0
-8 -33 -47 0
6 12 -64 0
-17 61 -75 0
-35 76 -66 0
55 68 -85 0
11 -64 -25 0
-55 65 -90 0
48 -39 -8 0
33 -22 -53 0
-69 8 -29 0
20 -19 -83 0
-56 37 36 0
12 41 54 0
-8 -52 -59 0
-7 -85 13 0
-45 -12 54 0
-32 -76 15 0
-57 -12 -35 0
24 -100 -22 0
-27 -14 -4 0
-40 1 -29 0
74 -100 -77 0
61 -28 84 0
37 -82 66 0
72 -57 20 0
60 82 71 0
-97 -24 3 0
-37 36 38 0
-32 -65 -91 0
-70 74 -1 0
60 -41 -81 0
-65 78 33 0
-83 75 33 0
81 -49 -93 0
-53 -61 3 0
-73 44 -1 0
-51 -72 -30 0
-65 -37 80 0
57 -5 36 0
-12 -75 96 0
-69 -73 -74 0
-43 -53 -14 0
42 23 85 0
-60 -39 23 0
61 38 -98 0
56 -84 33 0
-76 -63 47 0
-19 80 -21 0
58 -90 21 0
57 -23 -35 0
-21 24 -40 0
95 10 26 0
83 -6 -45 0
28 -48 61 0
95 70 14 0
1 -99 -71 0
-86 5 -41 0
-30 -48 26 0
50 74 -11 0
-82 -50 -80 0
-34 -87 68 0
67 55 -63 0
-79 -12 -82 0
46 -65 3 0
97 -25 17 0
-2 22 3 0
44 -46 65 0
-59 79 4 0
55 56 -98 0
-62 -42 -16 0
42 -91 93 0
27 -21 14 0
-34 80 75 0
-43 96 -57 0
-18 -11 40 0
-88 43 42 0
-13 92 -11 0
83 -39 75 0
-96 17 -79 0
19 49 -64 0
63 79 44 0
100 67 6 0
19 18 40 0
2 -27 34 0
64 -97 -66 0
-56 40 47 0
77 -97 -12 0
19 20 21 0
-19 -73 81 0
41 83 21 0
52 -43 -28 0
-64 -62 35 0
