c instance by G2
c solution = 1000001000101001011101010100110111001101000101111010011100010000000001111101110010110001001000011010
c Known solution cost is 2234 
p cnf 100 150
w 25 12 69 35 6 67 43 8 48 79 3 1 69 53 40 77 89 38 58 87 37 92 91 53 18 25 90 90 27 8 79 56 93 60 40 55 69 60 28 10 55 98 63 33 87 36 26 82 54 85 1 11 60 93 24 37 61 31 47 81 12 46 27 75 76 60 14 41 23 63 21 45 82 56 62 93 20 31 14 69 60 8 83 38 87 90 64 72 88 37 15 14 95 56 4 1 40 3 94 70
-70 -98 4 0
-18 -88 -87 0
44 84 -94 0
-55 -65 53 0
-87 45 -22 0
-37 53 84 0
56 24 -29 0
15 -27 57 0
-86 63 25 0
-58 -18 -96 0
-26 74 -1 0
42 36 -63 0
-62 -16 -40 0
95 30 -29 0
-62 16 -83 0
35 -59 85 0
55 68 -48 0
-44 -51 22 0
83 18 -95 0
46 1 53 0
-42 -67 18 0
-72 -16 -4 0
-81 71 -18 0
-17 -47 46 0
80 82 99 0
-32 -79 90 0
37 -93 97 0
98 -23 -26 0
3 -92 75 0
11 14 28 0
-46 91 -44 0
-49 -9 -77 0
-80 71 13 0
45 97 -32 0
78 61 -1 0
-17 -25 -88 0
-5 -32 -37 0
-84 -29 81 0
-40 -2 30 0
79 75 -12 0
23 1 -34 0
-45 98 75 0
-38 20 -45 0
60 -33 -84 0
19 97 38 0
50 -73 -80 0
29 83 77 0
9 -50 -47 0
-37 -16 -61 0
15 -97 54 0
-90 -51 -7 0
2 51 14 0
-69 9 62 0
51 27 -15 0
-1 14 -95 0
-35 -8 7 0
76 22 36 0
-91 -66 -32 0
-46 -72 -94 0
-89 -47 -7 0
42 -81 -35 0
17 -88 -42 0
2 -63 -78 0
42 -57 45 0
46 -87 24 0
95 -41 98 0
100 79 46 0
-91 75 96 0
-34 -52 -77 0
-33 -43 59 0
-31 -49 94 0
-69 -77 -7 0
85 -45 23 0
-2 -23 36 0
-94 89 51 0
56 -49 -76 0
2 56 28 0
-40 76 -51 0
55 96 -81 0
22 -41 46 0
49 92 28 0
98 -52 68 0
37 52 3 0
-56 32 -99 0
-49 24 36 0
-56 -6 42 0
-39 71 40 0
64 -53 -16 0
-33 66 -25 0
-79 -40 22 0
-73 24 -13 0
34 3 57 0
16 -24 90 0
-37 84 -29 0
35 47 -53 0
75 -33 -17 0
-95 -65 6 0
8 73 -81 0
-21 -90 -25 0
-13 -74 -68 0
47 94 -30 0
-34 -1 -62 0
-10 -30 69 0
-5 -70 -44 0
65 -85 4 0
-99 -28 67 0
-51 88 -77 0
-7 19 59 0
67 72 82 0
68 50 -93 0
14 26 -78 0
23 77 80 0
44 53 86 0
58 -82 25 0
-14 75 -89 0
83 17 -81 0
-22 13 93 0
98 -8 52 0
-2 -83 12 0
33 85 -44 0
-14 -24 -54 0
17 100 26 0
54 41 -12 0
-16 -33 38 0
76 -66 -74 0
-29 -49 7 0
-39 -16 61 0
-93 -87 -66 0
2 -75 87 0
-96 78 86 0
-12 87 -77 0
-61 -74 -96 0
29 -7 6 0
-76 -100 45 0
28 -96 40 0
63 -64 6 0
58 8 -67 0
48 43 -19 0
-73 -34 -43 0
9 -3 -81 0
-77 23 20 0
-5 -72 -14 0
9 70 80 0
67 -95 -49 0
-36 85 -51 0
-4 44 -63 0
-81 -15 -51 0
-47 94 18 0
-24 -16 -21 0
-53 -98 -80 0
