c instance by G2
c solution = 0101111111001100110000101011110000000111011110111110001110100111000000111001111101010110000000000011
c Known solution cost is 2559 
p cnf 100 150
w 93 81 61 62 14 62 35 28 53 7 89 58 43 69 24 56 8 89 33 24 40 8 43 46 3 90 91 19 63 29 75 1 59 60 45 63 40 82 73 55 89 96 65 72 44 60 2 55 18 94 74 54 65 57 79 6 14 2 86 21 7 1 38 13 87 77 98 83 44 18 21 77 19 74 25 72 5 59 69 14 21 33 70 92 93 98 89 50 53 11 98 85 38 51 86 58 32 23 75 70
-61 3 -86 0
-95 -53 66 0
34 -13 -91 0
-48 66 2 0
-31 -45 97 0
81 -94 61 0
49 59 24 0
-53 -23 15 0
40 -41 -71 0
89 7 14 0
30 87 -17 0
-36 -14 52 0
-19 12 -2 0
83 -52 -25 0
-23 -66 -6 0
52 32 -90 0
97 -18 39 0
-54 -71 -14 0
74 -76 -11 0
-74 -50 -94 0
-100 10 21 0
-85 -71 96 0
-57 52 99 0
18 67 -34 0
-48 -62 -3 0
-41 96 -87 0
-97 -99 -59 0
41 -18 -22 0
1 -93 -20 0
65 -100 49 0
-55 87 89 0
5 -27 -30 0
85 -5 82 0
-91 -48 -84 0
-17 -59 6 0
21 -27 -96 0
48 96 46 0
1 73 -7 0
-2 -82 -67 0
5 -68 -20 0
86 -57 92 0
-69 41 -6 0
-5 -25 43 0
-85 -28 22 0
8 92 74 0
-85 30 -75 0
9 -64 60 0
11 37 62 0
-50 74 77 0
-32 12 -9 0
-24 -41 -48 0
97 11 57 0
50 70 -29 0
-37 33 19 0
-16 -38 -29 0
-35 57 23 0
-67 42 -86 0
-86 -22 48 0
-23 47 46 0
56 -2 37 0
-46 -5 19 0
61 -26 12 0
-43 -59 17 0
97 53 86 0
100 -71 -5 0
-57 52 7 0
-63 28 -39 0
-63 -70 22 0
77 75 3 0
-37 68 -71 0
-58 84 -78 0
74 58 44 0
81 37 -92 0
29 -73 69 0
25 -18 69 0
-55 -6 9 0
24 33 100 0
35 -40 -22 0
-7 21 72 0
30 58 77 0
-20 10 14 0
19 -62 -75 0
-35 90 91 0
-60 62 -78 0
58 20 17 0
32 -93 34 0
-18 -84 30 0
-40 4 24 0
21 55 -14 0
-87 1 76 0
-57 85 64 0
-51 88 -98 0
-10 -2 -3 0
-27 -79 -74 0
-24 -71 84 0
49 -20 -43 0
14 3 -48 0
69 -65 -86 0
33 42 -72 0
42 66 -6 0
-49 -34 69 0
-14 59 88 0
84 89 -73 0
48 6 -56 0
1 -20 -86 0
85 1 71 0
-12 34 21 0
-27 -69 65 0
38 41 -44 0
51 -7 -77 0
79 -38 85 0
-86 -18 80 0
84 -63 45 0
-48 -54 -38 0
11 15 -24 0
33 40 -6 0
-60 -86 1 0
92 -68 1 0
-89 -77 97 0
-81 86 -49 0
-81 -80 91 0
-38 -78 -58 0
31 23 -47 0
-62 57 -69 0
-8 4 -42 0
-78 83 -33 0
-76 18 19 0
-66 83 36 0
-65 69 -45 0
-45 -83 -48 0
70 -57 -53 0
5 39 -59 0
-14 97 -54 0
-62 -1 -80 0
60 89 27 0
-33 17 43 0
13 -38 -99 0
75 82 65 0
-39 74 -15 0
16 -70 1 0
-60 -76 25 0
-76 58 78 0
31 52 63 0
-95 -82 -7 0
-4 -21 -2 0
-68 -38 69 0
2 -31 3 0
49 -59 -84 0
45 -10 24 0
-27 -88 -49 0
