c instance by G2
c solution = 0101000000101000101011011111111101000011000100100011100010101000110101111100111001100010000011001000
c Known solution cost is 2296 
p cnf 100 150
w 69 5 70 80 81 54 35 77 54 84 7 53 40 5 70 15 34 9 10 14 33 2 69 61 29 2 26 44 82 18 46 45 30 94 19 42 75 66 52 87 44 28 42 6 51 83 24 82 7 36 65 21 86 47 16 60 91 5 97 90 77 30 70 68 73 49 49 54 2 98 88 16 9 82 56 20 59 90 50 85 52 92 79 21 43 79 20 11 6 68 59 27 73 75 34 50 25 65 74 68
-78 89 -99 0
-61 93 -27 0
-35 -72 -4 0
-95 -11 91 0
17 -100 75 0
92 73 -52 0
82 80 37 0
82 -10 80 0
-82 45 22 0
9 7 13 0
-27 -63 93 0
-33 7 15 0
56 -41 10 0
-1 -51 -17 0
14 -44 24 0
-83 -15 -40 0
-49 -79 95 0
97 5 89 0
19 85 63 0
33 -8 -73 0
-32 58 21 0
96 12 -63 0
-28 -97 -88 0
-66 -38 46 0
35 66 41 0
26 50 1 0
43 27 -72 0
-22 18 -10 0
-65 63 -46 0
8 -16 90 0
53 -24 -44 0
-37 62 -61 0
45 -78 71 0
-19 25 67 0
-58 -9 68 0
-25 -22 68 0
49 -69 -27 0
-61 -15 -42 0
-97 -78 -7 0
-26 96 47 0
58 -96 81 0
-87 59 -57 0
37 -12 -28 0
38 -85 93 0
85 -67 -65 0
-70 -91 98 0
46 80 78 0
-42 84 -39 0
81 54 -85 0
-82 39 12 0
50 22 -15 0
27 -21 59 0
85 -87 -86 0
-58 95 6 0
85 49 -90 0
-98 -21 56 0
-28 -65 -62 0
8 90 -92 0
-66 2 -34 0
-1 -35 -16 0
61 -51 78 0
100 51 35 0
-82 71 -47 0
-64 -39 -72 0
-68 -70 40 0
50 -17 4 0
-32 -56 -99 0
91 -19 72 0
18 -45 -71 0
-73 61 -15 0
30 56 23 0
-80 -28 -50 0
-25 55 65 0
-9 -54 -10 0
-75 81 -21 0
89 32 -25 0
-40 17 99 0
-19 -93 11 0
4 -32 -77 0
-69 71 9 0
28 100 90 0
-25 -27 30 0
-2 41 -5 0
-88 2 72 0
74 -53 -79 0
-70 -22 -89 0
-57 4 -8 0
77 14 100 0
-84 75 -31 0
-55 -31 96 0
-30 14 -56 0
28 -72 38 0
-20 -77 -68 0
5 7 31 0
-13 77 20 0
36 11 -30 0
-75 38 -13 0
44 -2 15 0
4 49 59 0
3 29 -14 0
46 -18 23 0
-82 64 79 0
-52 24 -78 0
-40 58 -80 0
23 57 84 0
29 90 -19 0
-81 9 67 0
8 49 70 0
83 71 100 0
-13 81 52 0
18 43 -7 0
-1 37 -89 0
-32 36 -43 0
-59 -9 42 0
-16 -42 -38 0
-15 9 -40 0
-34 -3 48 0
61 -30 18 0
-16 19 -29 0
90 -57 34 0
82 6 -85 0
-2 46 -62 0
-65 94 -17 0
-94 84 -23 0
-40 -77 93 0
49 -27 -100 0
-28 -38 -34 0
-14 -20 -8 0
8 -11 -6 0
-93 -48 -66 0
-33 25 82 0
11 48 -78 0
-76 -40 37 0
63 19 -32 0
60 72 -77 0
-89 -66 18 0
45 46 -10 0
-60 -25 5 0
-91 -94 55 0
-2 -18 -26 0
-54 45 -83 0
18 -17 27 0
-19 -68 -20 0
-78 -55 36 0
-14 18 48 0
91 -25 -50 0
46 89 -85 0
87 -78 -17 0
-36 95 -47 0
14 83 89 0
