c instance by G2
c solution = 1011100010010000010000100001000000001111010110101100111001010101110010011111110100010100001010110011
c Known solution cost is 2267 
p cnf 100 150
w 76 50 9 78 35 100 51 19 57 79 82 45 74 79 90 79 5 8 43 78 55 11 65 69 79 28 23 30 74 32 65 72 36 18 89 35 55 81 69 13 72 84 11 47 65 13 59 34 22 73 89 15 13 74 72 16 95 80 69 24 91 89 39 58 25 73 73 78 62 27 60 76 17 14 17 23 12 73 80 62 50 59 74 2 4 14 91 55 14 72 49 22 35 83 48 90 95 30 98 96
84 -89 -59 0
66 21 -39 0
-72 -28 -94 0
-36 61 97 0
67 -85 -93 0
67 54 83 0
65 -62 52 0
33 54 22 0
-20 88 17 0
-55 41 76 0
-55 -95 49 0
-93 78 -84 0
-39 -23 93 0
10 58 33 0
-54 -48 -78 0
67 -26 -62 0
74 73 90 0
14 -45 -90 0
-92 98 27 0
-56 -31 67 0
-23 10 42 0
-99 85 -19 0
22 50 85 0
-25 31 70 0
33 -15 -86 0
22 96 6 0
11 39 32 0
2 82 -52 0
23 -96 74 0
35 -18 -81 0
-88 -18 21 0
1 65 83 0
75 -3 8 0
-54 -56 20 0
23 29 -72 0
-5 -7 -54 0
29 -16 -37 0
19 35 64 0
-25 51 -13 0
90 -45 -89 0
-23 64 -11 0
55 30 26 0
58 -93 85 0
32 51 -87 0
-78 -21 -62 0
-45 -21 -50 0
-45 13 -30 0
55 -9 -23 0
8 69 -76 0
-77 -64 -8 0
-67 85 8 0
-40 67 -33 0
-93 4 -82 0
-33 -56 -93 0
-35 -78 -96 0
-54 -36 10 0
13 69 53 0
-85 31 -87 0
-99 -87 45 0
-76 98 100 0
11 16 73 0
36 37 -26 0
45 6 25 0
-80 -99 -31 0
20 -3 72 0
12 13 48 0
49 -32 23 0
21 25 -41 0
-76 74 -80 0
26 -29 2 0
-34 -73 -99 0
-45 -63 71 0
-24 7 16 0
-70 -64 79 0
-14 98 22 0
57 -60 -98 0
93 26 -99 0
-7 36 13 0
6 25 84 0
-17 -77 6 0
-44 -26 -53 0
-77 53 20 0
42 -72 30 0
91 34 52 0
-64 38 -84 0
6 68 60 0
-53 -37 40 0
3 62 -45 0
73 -29 -89 0
-10 67 62 0
-81 96 -5 0
-10 -58 -91 0
36 -45 4 0
37 98 -96 0
-59 85 30 0
-38 -31 -26 0
99 -54 -58 0
-48 76 40 0
-2 -4 -40 0
87 -9 -56 0
70 -22 -76 0
-28 -67 -79 0
31 -93 95 0
76 35 31 0
60 59 -5 0
13 52 -11 0
5 35 59 0
-30 10 31 0
-68 -60 87 0
-67 -100 -18 0
-46 19 79 0
-73 63 18 0
22 34 -27 0
9 -62 34 0
-16 77 -94 0
63 33 -79 0
-51 86 -64 0
-32 90 92 0
-71 89 32 0
25 22 86 0
77 92 97 0
-75 12 -35 0
-27 -100 93 0
-23 -82 57 0
-91 -18 80 0
-60 -6 -99 0
95 -26 -90 0
-31 -21 67 0
-83 -38 81 0
1 82 -47 0
-77 71 -97 0
15 -61 -55 0
-41 -86 42 0
-34 46 82 0
-86 3 -99 0
73 8 -26 0
-97 -4 88 0
-57 27 7 0
-51 -73 57 0
34 56 -46 0
-13 -44 -23 0
100 9 -12 0
-54 -61 -14 0
-41 84 -63 0
-94 89 64 0
62 -42 35 0
35 28 68 0
-43 19 -64 0
47 71 70 0
44 -72 -37 0
