c instance by G2
c solution = 0110001111100111111111100001111100101010100011001001111110100011101111010110101111110001011100010000
c Known solution cost is 3037 
p cnf 100 150
w 27 48 95 99 56 6 21 75 20 66 62 86 10 1 20 21 92 61 74 72 70 74 48 60 90 68 21 98 75 75 33 37 93 100 39 67 76 51 63 61 59 41 45 96 19 16 34 19 72 70 87 39 26 18 37 2 29 57 34 40 21 54 34 23 57 56 79 38 42 90 83 48 88 89 2 68 62 63 30 100 89 72 32 95 59 61 30 54 73 66 45 70 57 44 18 53 36 98 41 15
-79 -84 90 0
5 21 -90 0
50 23 44 0
-67 -34 5 0
-28 12 -47 0
-18 -15 -6 0
76 98 16 0
-96 -93 -21 0
-72 39 -88 0
-44 50 -17 0
-26 97 -70 0
-53 -12 93 0
55 -5 -4 0
-66 -51 30 0
-39 3 100 0
31 81 14 0
-30 -43 61 0
42 50 -48 0
50 -84 -40 0
3 2 37 0
85 43 49 0
-93 24 13 0
31 89 -21 0
-65 14 -68 0
13 18 -14 0
71 84 -8 0
-3 4 22 0
-89 -26 98 0
71 -41 -66 0
15 36 5 0
69 -40 -2 0
2 95 52 0
-83 -91 52 0
-77 -71 58 0
32 -68 -29 0
-38 -3 -79 0
48 -7 91 0
24 10 94 0
-43 82 -99 0
-91 79 -18 0
-100 -29 93 0
-24 -41 -29 0
26 46 -52 0
-65 77 -30 0
31 -9 -96 0
-53 88 38 0
26 -51 36 0
20 -2 35 0
-52 50 -78 0
-70 -36 -79 0
12 11 -29 0
73 72 -28 0
-60 93 -29 0
-55 50 53 0
-36 -16 69 0
-37 -13 34 0
19 -46 -75 0
-71 -37 -52 0
82 1 -21 0
-21 27 75 0
93 31 28 0
40 70 -68 0
-42 38 -7 0
8 -40 96 0
65 -11 -82 0
54 -14 27 0
-16 -82 -33 0
96 -14 -23 0
47 83 -25 0
-3 -6 -96 0
-63 35 47 0
98 60 39 0
-27 85 -79 0
54 -35 71 0
-19 64 36 0
-84 65 -79 0
52 64 36 0
-35 41 -91 0
30 -64 44 0
61 -72 37 0
74 -63 13 0
-12 -41 43 0
81 -39 -65 0
-97 -54 -39 0
-83 57 76 0
63 24 52 0
-42 69 61 0
17 13 -63 0
-90 61 -86 0
-77 67 -83 0
-69 -76 33 0
32 -63 -100 0
55 -37 62 0
-81 71 -95 0
-55 -24 21 0
-49 2 -9 0
-53 65 -74 0
-53 26 41 0
64 72 -37 0
-5 -69 40 0
-90 78 29 0
-25 -83 -79 0
-68 -95 5 0
-13 -70 -97 0
46 -41 -32 0
38 30 -33 0
-17 83 -69 0
-53 58 80 0
-11 -74 -98 0
-41 60 56 0
-65 51 92 0
-4 -27 -20 0
9 89 -2 0
-29 -97 98 0
-22 -29 45 0
86 8 94 0
-77 -99 -23 0
-97 32 3 0
-85 -67 98 0
-55 -78 -43 0
-39 20 -79 0
-9 58 59 0
70 9 -94 0
51 68 -65 0
-65 -73 -49 0
-50 -65 -46 0
-83 -95 4 0
23 97 55 0
-82 7 -17 0
69 36 -81 0
-70 42 -89 0
5 -9 -87 0
28 -17 -21 0
-45 36 -62 0
73 -84 75 0
-83 -84 -78 0
-35 -51 18 0
19 48 -7 0
-66 -91 -69 0
91 97 71 0
-61 -77 6 0
77 -3 -8 0
-86 -34 82 0
16 47 1 0
-4 34 12 0
-17 -58 27 0
43 94 63 0
-94 -88 78 0
30 -37 -23 0
-79 61 -1 0
