c instance by G2
c solution = 0101111111111110111011001101101110101010001110000110101011011111111110110101000000111001010101101100
c Known solution cost is 2706 
p cnf 100 150
w 50 83 99 30 85 84 64 69 45 5 16 94 12 97 73 31 2 49 20 33 5 25 39 51 3 67 25 54 36 31 19 85 24 83 19 4 57 100 70 34 48 5 34 89 56 59 23 46 86 39 21 71 4 57 80 43 45 83 29 8 36 45 28 47 57 76 1 51 29 64 5 6 58 89 15 13 43 60 94 34 92 67 17 84 54 63 70 29 58 93 3 22 64 53 50 91 24 46 36 77
-4 56 92 0
-60 25 82 0
72 48 -97 0
40 -22 -54 0
-39 -3 -62 0
84 14 44 0
98 88 40 0
-42 96 -55 0
88 81 91 0
11 -82 1 0
-16 -14 -21 0
-7 4 -94 0
-49 24 87 0
-8 27 -41 0
-79 -97 35 0
28 -12 -44 0
71 27 -64 0
-76 -66 57 0
50 -22 77 0
38 42 11 0
64 26 -87 0
63 35 40 0
-18 -5 97 0
-61 87 -82 0
44 -22 79 0
59 1 9 0
-87 -76 32 0
100 -40 -62 0
82 3 -59 0
-58 -40 -90 0
68 -64 50 0
-92 60 89 0
-49 -10 85 0
-22 32 -62 0
38 -87 -35 0
-16 -91 -22 0
-21 -20 22 0
-52 -20 -5 0
49 -8 18 0
28 -76 -82 0
87 -98 4 0
96 -29 5 0
-57 1 10 0
-45 -56 24 0
33 -20 -90 0
63 41 -4 0
76 -8 -22 0
53 -17 79 0
75 -26 55 0
64 47 -32 0
40 -79 -88 0
-7 95 -85 0
56 9 54 0
-94 54 -16 0
31 -10 49 0
-4 -89 73 0
-65 -36 -98 0
-21 23 45 0
-4 -39 -91 0
-73 -39 -15 0
-28 -97 2 0
-61 80 8 0
70 -62 61 0
52 -47 -10 0
73 12 -84 0
67 -71 -82 0
-55 49 15 0
18 -92 -26 0
-4 -74 -100 0
-78 -99 76 0
47 58 -83 0
-4 8 -27 0
3 -73 61 0
-27 -29 -4 0
19 20 -51 0
-62 1 63 0
43 23 -76 0
-15 -82 46 0
40 99 35 0
34 73 14 0
47 67 -70 0
7 -5 -63 0
-50 -13 -16 0
79 80 -48 0
12 62 -77 0
-88 -100 -97 0
-13 48 57 0
6 86 -39 0
77 51 93 0
85 -39 87 0
-98 -80 63 0
56 -68 94 0
-24 -55 -62 0
-25 -38 -19 0
69 -45 47 0
-97 -18 -89 0
66 -31 -35 0
-33 -21 -78 0
-57 56 29 0
-63 -69 -81 0
67 -97 -62 0
-1 -45 -66 0
52 44 -7 0
-6 -86 -53 0
91 -30 -2 0
53 -44 3 0
-6 -4 33 0
42 57 59 0
91 -10 -75 0
-10 42 6 0
90 -72 -22 0
6 -56 -92 0
68 21 -8 0
34 54 -96 0
-1 42 -39 0
-8 84 -33 0
-46 54 -50 0
-13 37 -10 0
-21 -9 61 0
23 13 54 0
-88 98 -29 0
74 -15 -45 0
17 99 82 0
-80 -33 75 0
-20 47 -98 0
-23 -74 99 0
-93 -71 -97 0
59 -31 8 0
-70 -58 49 0
-65 2 -14 0
-8 -5 26 0
-13 61 -54 0
68 -61 56 0
-26 -34 20 0
68 81 -72 0
-45 62 -98 0
-96 -64 38 0
23 -80 -18 0
-52 -2 79 0
22 -32 86 0
49 -92 -77 0
57 -87 -65 0
33 8 -74 0
21 40 -65 0
39 -74 -53 0
-10 65 -58 0
-99 -58 -94 0
46 -81 -94 0
56 -6 83 0
59 -39 65 0
