c instance by G2
c solution = 1110101000100110111001100011001010110111000110000100101011011000101110100011100100101011011110110101
c Known solution cost is 2576 
p cnf 100 150
w 96 22 100 51 21 34 68 72 76 79 80 86 42 67 47 47 33 53 62 56 74 67 38 51 7 13 42 19 91 69 61 100 45 37 100 87 48 25 58 13 53 4 71 90 41 95 19 99 43 3 29 33 74 1 14 74 75 27 90 10 10 38 74 93 97 1 98 65 26 13 26 100 12 29 59 1 28 22 4 52 90 90 78 91 94 86 9 6 61 74 34 58 51 64 66 51 98 36 2 19
96 16 -36 0
-33 66 98 0
-47 -97 -87 0
-96 -43 79 0
21 -74 26 0
-72 63 16 0
-88 93 56 0
16 -77 -66 0
-86 -11 6 0
60 -20 57 0
3 76 -77 0
-9 -7 66 0
-37 -87 -80 0
52 47 -8 0
68 -12 -57 0
-44 71 -100 0
-44 -81 -33 0
-28 21 90 0
31 16 4 0
12 -26 47 0
-11 -59 -1 0
19 38 -72 0
-17 88 -33 0
-67 55 62 0
4 30 -46 0
-73 12 -90 0
-34 53 -25 0
-90 -10 25 0
2 10 -67 0
-58 10 -64 0
-85 -91 39 0
-55 -52 -33 0
-50 7 48 0
86 100 67 0
-18 -22 87 0
54 35 32 0
12 34 -99 0
73 -44 -62 0
32 -31 95 0
-97 -24 11 0
-18 -89 86 0
78 -66 72 0
67 53 26 0
-34 6 -77 0
-80 -39 -94 0
-81 -77 -91 0
-88 -84 17 0
-48 72 -76 0
100 72 62 0
38 37 20 0
-63 -55 -5 0
14 26 47 0
-19 -54 29 0
42 13 -49 0
-1 -84 -2 0
-58 57 72 0
-69 -71 68 0
45 -80 32 0
-57 11 49 0
-15 94 80 0
21 -3 85 0
-47 89 30 0
-70 97 -60 0
54 19 -17 0
6 50 -49 0
-5 46 44 0
-22 -79 -92 0
-55 -7 50 0
61 -83 -53 0
-77 33 47 0
33 -87 13 0
-13 52 20 0
10 92 -7 0
91 -5 78 0
-86 -1 -85 0
-45 34 60 0
-97 -44 -85 0
15 20 62 0
-56 -11 100 0
-90 -30 97 0
-67 -33 -32 0
93 -69 -57 0
6 -52 -31 0
-61 37 11 0
-3 -25 52 0
10 81 -43 0
-38 67 -19 0
18 12 -95 0
-15 82 65 0
1 -34 -66 0
-90 24 22 0
-51 -100 -17 0
-3 66 -56 0
-76 69 -1 0
-33 -11 53 0
69 74 51 0
-60 -36 -37 0
-79 4 -46 0
-2 49 75 0
-98 -80 -21 0
-77 -3 -78 0
-18 21 85 0
78 -4 -28 0
67 -5 54 0
-3 58 46 0
85 -35 -34 0
-81 70 -31 0
-63 -71 78 0
5 62 -58 0
-24 99 94 0
43 91 82 0
34 -6 -38 0
65 -45 -2 0
-85 -76 27 0
-48 -2 -56 0
23 94 16 0
20 3 -92 0
-29 -2 34 0
-28 -65 -20 0
41 29 -16 0
-40 36 -58 0
74 2 56 0
-11 -14 40 0
57 -21 29 0
-24 15 -67 0
24 -67 76 0
80 43 -35 0
100 -36 19 0
53 98 14 0
-42 6 -69 0
7 89 -62 0
-31 81 -12 0
81 -63 51 0
59 12 83 0
59 -56 -44 0
28 -61 -7 0
77 41 59 0
-41 82 74 0
-11 38 99 0
-67 1 69 0
-40 -59 -32 0
-19 -82 73 0
-90 -78 86 0
21 17 -19 0
1 -17 -98 0
-16 78 7 0
-8 54 -12 0
-62 -31 73 0
19 -18 -50 0
92 -67 72 0
