c instance by G2
c solution = 0100100011100001101100111111010111101001010111011011111101111000001000001100001110110000000101110111
c Known solution cost is 2692 
p cnf 100 150
w 51 15 58 38 34 75 48 30 73 58 97 50 37 60 62 73 89 59 74 42 14 93 2 14 100 47 37 45 66 88 40 2 2 19 51 67 45 87 47 57 58 15 47 59 87 82 71 64 46 64 33 40 60 35 26 48 69 9 97 68 40 91 60 6 89 65 77 39 2 85 30 49 47 40 20 65 70 34 65 46 57 18 91 61 89 37 5 40 26 50 16 45 25 64 44 20 88 90 61 11
6 63 58 0
63 67 64 0
79 -53 -40 0
8 -77 -97 0
62 51 12 0
13 -35 -86 0
-28 -65 -36 0
49 68 -25 0
-50 -84 -44 0
99 93 -2 0
97 -16 35 0
6 50 -90 0
44 79 88 0
-52 -71 13 0
54 85 88 0
90 96 55 0
86 -54 -76 0
100 6 -37 0
19 -37 70 0
39 -94 52 0
-17 25 -73 0
-19 -99 -91 0
-43 -54 74 0
29 76 -66 0
-85 -58 18 0
-67 68 -47 0
-43 36 -11 0
10 47 -100 0
11 -53 38 0
-96 45 -23 0
-73 -34 -1 0
78 84 80 0
-1 -6 -80 0
59 73 -64 0
94 -73 -67 0
-19 39 11 0
-7 66 70 0
-65 78 -54 0
75 -12 54 0
-87 68 -91 0
-14 86 -17 0
61 77 93 0
4 -49 32 0
-72 70 -5 0
-45 84 75 0
98 38 95 0
73 5 50 0
-94 -19 -77 0
-44 -70 18 0
38 -59 24 0
3 40 -24 0
-12 36 69 0
13 98 -61 0
-3 53 51 0
99 63 73 0
-3 50 85 0
-49 -36 1 0
-60 -95 34 0
17 -67 68 0
100 8 -85 0
72 74 -92 0
70 64 -86 0
60 -84 -2 0
28 -23 45 0
-37 39 52 0
5 -80 86 0
86 7 -63 0
83 15 -4 0
-87 75 4 0
88 41 80 0
95 -98 -27 0
92 84 52 0
-88 -35 -54 0
38 -49 -15 0
-35 -68 15 0
-2 68 -38 0
18 -75 -61 0
-23 -20 30 0
-9 -65 -33 0
61 -42 -76 0
78 21 96 0
41 31 33 0
21 47 42 0
-72 42 -71 0
42 -56 -19 0
-80 69 37 0
-25 24 -43 0
-2 20 -35 0
71 79 82 0
10 -42 -55 0
-27 -46 -39 0
-52 59 -28 0
-32 -55 27 0
-52 21 -75 0
23 68 -55 0
44 -3 -40 0
46 57 50 0
-31 93 47 0
-28 -40 60 0
2 22 -95 0
-30 -37 -47 0
-82 -33 90 0
75 -8 -27 0
3 -21 -73 0
82 79 89 0
-79 -33 -90 0
-10 -41 77 0
45 -7 93 0
52 82 97 0
65 68 -69 0
-46 -74 5 0
83 -37 78 0
75 57 -91 0
26 -40 12 0
-60 -61 -22 0
-18 63 15 0
-34 54 -10 0
44 -94 38 0
-38 -64 42 0
77 -94 81 0
-61 71 -29 0
-91 -4 -67 0
8 -70 90 0
28 -80 12 0
-42 -62 4 0
-87 77 72 0
51 -87 -99 0
-13 -59 -75 0
56 29 36 0
-13 -23 -26 0
9 50 -48 0
-60 -78 38 0
81 -28 -47 0
-10 92 -25 0
-71 -60 78 0
-6 38 -96 0
69 -56 -93 0
-89 -49 -59 0
-7 -20 -12 0
73 41 13 0
-57 64 -30 0
-55 86 -64 0
38 -95 48 0
-32 43 16 0
-26 -97 -96 0
-76 -72 -88 0
-68 -26 -1 0
-4 57 31 0
53 -100 38 0
-28 55 21 0
