c instance by G2
c solution = 0100100010100010011101000001111010110110010101100011000110010100010111011011011101000100010011011100
c Known solution cost is 2555 
p cnf 100 150
w 19 80 59 92 56 64 26 57 35 92 90 20 15 21 27 95 6 12 86 100 50 70 72 71 94 79 94 23 41 78 82 73 81 22 7 31 59 23 11 29 51 97 7 97 87 98 57 20 46 100 60 10 90 49 25 30 91 58 39 38 96 7 44 87 69 20 78 45 51 92 61 15 90 9 72 32 37 95 47 19 32 65 45 93 88 39 78 65 28 26 23 24 62 34 35 82 91 60 3 92
-21 -83 50 0
6 -13 -9 0
-30 -3 71 0
-8 -99 81 0
37 8 44 0
38 99 -57 0
-35 42 -66 0
-36 89 51 0
89 83 52 0
-33 56 -46 0
12 45 -14 0
-56 87 -81 0
-29 97 -46 0
-99 -66 74 0
35 -18 -82 0
-79 87 62 0
78 53 87 0
-64 -76 14 0
-56 -63 -18 0
-20 -16 79 0
-1 -68 -20 0
26 75 -31 0
-19 45 9 0
-79 -34 -93 0
22 84 64 0
-52 -50 23 0
24 -91 -80 0
-21 -70 -22 0
-80 -26 -22 0
20 7 74 0
22 -54 -95 0
54 -56 5 0
-2 -6 29 0
41 -5 -61 0
6 -70 76 0
14 7 44 0
-57 -44 -77 0
69 -53 9 0
-100 -57 -20 0
-60 77 73 0
-63 62 13 0
95 -39 82 0
67 -47 -8 0
-62 -90 -89 0
23 12 60 0
37 -36 79 0
-31 1 -12 0
20 87 43 0
6 39 10 0
62 -63 29 0
-46 -40 -6 0
-7 81 48 0
1 15 -72 0
-23 88 -53 0
48 -12 6 0
-97 36 -76 0
54 -86 72 0
-12 -35 -50 0
-17 -72 38 0
57 -44 1 0
-58 -70 83 0
92 -33 -25 0
32 25 31 0
23 -27 58 0
45 -28 2 0
87 98 -44 0
-15 90 37 0
-64 99 31 0
-7 -50 71 0
-88 27 -42 0
-68 85 -54 0
40 -68 -92 0
-78 30 26 0
55 -36 47 0
71 -67 91 0
33 6 -14 0
-11 -49 -51 0
-14 6 88 0
1 -7 48 0
-74 79 -52 0
-6 -22 -57 0
66 45 83 0
49 -45 -60 0
58 16 29 0
-35 89 -10 0
80 -72 -96 0
-97 48 -37 0
-82 66 -72 0
-93 -4 14 0
22 67 54 0
-73 70 -87 0
-66 11 77 0
95 -52 -85 0
-34 -33 -5 0
33 -46 63 0
-16 92 -89 0
-87 -86 -72 0
-77 -8 -33 0
4 -21 41 0
1 28 32 0
-89 -99 88 0
97 -95 -66 0
69 -2 49 0
-53 65 55 0
100 69 52 0
55 -84 16 0
18 32 24 0
-19 80 -36 0
-27 32 -100 0
-20 -71 58 0
-65 40 -98 0
100 45 -43 0
67 -41 -89 0
18 46 -68 0
34 12 -8 0
50 -2 -40 0
87 -52 -95 0
-17 41 -62 0
-15 -78 68 0
-52 93 3 0
48 -42 -55 0
-93 19 71 0
-86 70 -52 0
-79 70 65 0
-41 73 -69 0
58 -74 -76 0
-61 -3 -22 0
-30 94 37 0
65 -48 -80 0
-71 16 -23 0
-100 -7 85 0
-60 -6 17 0
65 -18 86 0
-24 12 -47 0
63 -80 -83 0
92 -41 23 0
-2 90 -5 0
-85 -41 15 0
85 11 -15 0
93 -71 -31 0
10 -3 95 0
25 37 46 0
-19 34 96 0
-41 44 -98 0
-78 -47 -32 0
45 -76 -16 0
-68 -23 50 0
-59 -29 -68 0
-44 -52 -17 0
-100 14 58 0
