c instance by G2
c solution = 1011100101000000110001100111010110011011011100110100000010101010101101110000010101100100011101110001
c Known solution cost is 2355 
p cnf 100 150
w 30 59 98 94 34 15 86 57 82 35 6 62 45 80 86 26 13 67 75 60 51 13 65 99 2 36 61 67 92 81 10 3 77 81 42 44 6 70 14 85 89 44 59 87 17 12 9 54 94 95 43 67 34 72 26 86 72 45 28 69 17 76 45 88 40 62 80 83 4 76 33 23 47 86 72 43 57 74 14 74 55 23 25 29 98 1 35 61 71 4 76 76 61 29 75 29 30 61 43 44
-30 -27 95 0
-57 50 43 0
-8 64 83 0
-9 16 -70 0
46 -20 -11 0
-3 -73 79 0
-39 80 45 0
91 69 -71 0
98 -50 -31 0
-78 58 -56 0
87 -62 83 0
8 -36 -17 0
41 -28 65 0
94 -42 38 0
94 9 -97 0
53 35 48 0
13 -6 -71 0
-75 -26 81 0
76 -54 -36 0
-42 -15 88 0
-85 -42 11 0
83 -59 17 0
-17 -60 93 0
-78 -98 19 0
8 -78 -7 0
7 -61 43 0
95 92 -72 0
78 -90 16 0
4 -33 -39 0
4 -65 19 0
-64 2 -43 0
100 15 -11 0
-60 21 41 0
34 -29 55 0
68 53 8 0
-82 12 -69 0
96 -13 -62 0
77 -46 -80 0
10 -91 57 0
10 35 14 0
52 37 -22 0
-27 -93 24 0
32 25 -36 0
32 27 56 0
-81 -88 -85 0
-53 31 -70 0
75 -65 63 0
-39 -32 -7 0
28 -53 62 0
-45 19 -26 0
-72 -55 16 0
-75 -26 20 0
-59 33 64 0
-66 38 12 0
65 69 75 0
41 -84 -71 0
52 93 26 0
-28 100 42 0
69 35 39 0
-59 45 -64 0
-28 -64 95 0
28 -43 89 0
82 -33 -5 0
-88 -72 -33 0
-77 79 88 0
49 -79 -22 0
3 21 11 0
30 76 -14 0
84 -21 -61 0
9 94 -15 0
72 -53 7 0
14 57 46 0
-57 -20 99 0
3 -7 2 0
94 -49 34 0
40 -26 73 0
-70 -33 72 0
-45 -44 84 0
66 90 16 0
85 -81 -80 0
-38 -2 -29 0
-89 12 45 0
-23 67 -15 0
-6 -22 11 0
-36 -94 50 0
92 45 16 0
-76 -29 -35 0
15 86 93 0
-34 53 -94 0
15 88 28 0
-69 -89 32 0
17 -80 -48 0
-44 48 -37 0
91 -85 -37 0
82 16 -88 0
-87 -99 50 0
-3 -80 -2 0
98 -49 -83 0
-87 -100 56 0
-32 -63 68 0
35 -52 14 0
-25 64 54 0
35 96 41 0
-58 62 -57 0
-65 -68 63 0
75 -20 -36 0
-97 -83 -96 0
-34 6 -3 0
-8 71 -28 0
1 60 -18 0
22 -71 -10 0
-38 34 77 0
-1 36 -68 0
64 58 -99 0
-11 -22 62 0
70 21 89 0
27 13 -33 0
69 -8 -19 0
42 41 89 0
30 89 -23 0
-93 -5 -100 0
-22 -55 -71 0
-47 -12 34 0
17 -55 29 0
41 5 88 0
19 12 23 0
53 47 2 0
-24 20 34 0
-90 -81 -50 0
-43 -16 -59 0
-26 59 45 0
-10 -73 -93 0
-17 -96 18 0
-10 -41 87 0
31 -89 97 0
21 -36 44 0
31 -100 -14 0
-99 35 19 0
-74 -18 -86 0
69 78 -89 0
85 100 -50 0
-51 -90 34 0
73 76 61 0
14 67 16 0
-18 -62 -4 0
53 -96 -76 0
-33 9 -35 0
-17 -13 16 0
96 -59 -71 0
44 -4 -22 0
