c instance by G2
c solution = 1011010001001111000110100110011000101000101000110100101101101000001110111011011110110010011010110001
c Known solution cost is 2491 
p cnf 100 150
w 23 43 20 33 33 46 90 69 7 95 58 26 78 86 6 44 52 18 36 75 70 46 42 7 87 69 1 40 84 76 52 70 1 69 45 74 40 69 46 72 87 53 36 75 21 13 43 98 12 75 26 49 88 55 98 6 93 23 91 27 89 71 47 48 66 56 31 73 47 41 64 19 88 73 51 94 31 99 16 29 34 9 10 48 20 25 17 99 99 22 32 92 2 41 2 25 88 39 9 53
29 4 7 0
-34 -69 -48 0
8 -63 -91 0
-91 80 -83 0
4 50 -84 0
-78 53 -87 0
39 49 -22 0
-91 43 -18 0
-69 -58 3 0
-79 -97 29 0
33 -56 -29 0
54 45 -51 0
32 -58 27 0
-90 57 -11 0
-68 71 -48 0
-56 58 17 0
43 -83 -27 0
15 -21 -16 0
24 -19 -15 0
-61 16 -91 0
38 19 81 0
-27 -68 79 0
-27 82 55 0
-14 19 96 0
74 25 21 0
-69 76 9 0
51 -38 -61 0
8 -7 24 0
-39 -79 -84 0
69 -36 24 0
3 62 -78 0
-90 -78 26 0
40 -36 -6 0
-36 57 2 0
-31 -26 -62 0
45 -69 47 0
32 -54 14 0
21 17 31 0
-66 85 -90 0
72 -67 49 0
54 31 -30 0
88 32 73 0
-1 -2 57 0
-45 10 96 0
98 -99 -59 0
-83 -67 -54 0
-54 40 35 0
32 -21 78 0
19 -85 -83 0
38 63 -85 0
-28 -68 -91 0
-69 -33 -72 0
34 -38 70 0
-64 60 -23 0
87 -79 35 0
-70 59 -63 0
-2 -83 85 0
6 81 -40 0
-16 68 -35 0
11 -16 1 0
8 -23 -52 0
64 41 -78 0
-6 -70 86 0
-50 69 38 0
75 -27 39 0
-95 65 -29 0
-73 -92 -69 0
-37 83 -23 0
-21 100 50 0
8 56 36 0
-25 99 33 0
-98 88 51 0
6 -47 -45 0
-67 -22 -28 0
85 -59 20 0
-43 30 -20 0
7 -55 -8 0
-89 -83 -78 0
-43 -45 32 0
9 -62 40 0
-37 -56 -88 0
-84 90 -72 0
-44 -58 60 0
86 -77 62 0
88 -60 -59 0
-14 67 -7 0
-68 -33 -67 0
-35 59 62 0
21 12 -30 0
60 95 -16 0
-46 -96 27 0
44 67 -35 0
7 -58 -82 0
-18 -75 49 0
-56 -33 66 0
38 -46 -83 0
87 60 -80 0
-24 50 -16 0
17 -5 -30 0
-83 31 21 0
-66 65 -44 0
-26 4 -31 0
-24 30 62 0
-9 -80 -13 0
83 -75 97 0
24 -10 -17 0
-35 48 7 0
94 8 50 0
-76 100 92 0
49 -40 45 0
66 22 -74 0
27 70 58 0
36 -63 38 0
-4 68 60 0
-75 13 -78 0
-49 40 86 0
-9 82 -10 0
70 -5 -1 0
-94 -73 -43 0
5 -69 -86 0
-12 -80 86 0
-90 49 93 0
-13 2 30 0
33 20 -8 0
-65 85 -15 0
23 57 98 0
-1 10 -90 0
43 -62 40 0
-57 42 -90 0
56 11 15 0
-24 39 -73 0
34 90 99 0
-51 62 -15 0
-63 -85 -72 0
-58 94 14 0
-76 7 91 0
-39 -94 -6 0
36 43 72 0
84 -4 -20 0
99 37 -26 0
61 -53 74 0
73 41 -71 0
-15 44 -29 0
-35 -32 64 0
66 6 -58 0
-76 54 35 0
45 -53 -52 0
77 -85 56 0
96 11 73 0
-42 -78 70 0
