c instance by G2
c solution = 1001101101000100000010001011001101100110110001001011000101011100101100010110101100000111000100101011
c Known solution cost is 2397 
p cnf 100 150
w 75 34 29 10 95 93 72 62 85 35 49 78 54 19 24 54 19 20 72 44 91 64 72 49 41 72 59 68 8 20 78 80 3 86 71 3 14 65 59 90 34 70 70 4 17 15 37 85 37 17 81 25 38 21 52 32 92 64 57 9 11 37 27 69 52 3 91 95 81 64 11 48 54 13 9 80 31 87 27 30 61 71 47 60 88 71 94 36 9 40 87 34 7 15 88 28 85 92 50 62
-85 -89 65 0
30 -72 -22 0
67 -60 -68 0
5 81 20 0
76 -69 23 0
-60 -48 9 0
-42 21 -8 0
-68 -1 -98 0
-7 76 -55 0
-49 -7 -16 0
37 75 20 0
81 70 79 0
-20 -2 -42 0
-39 -6 30 0
-89 53 -65 0
39 -55 92 0
70 58 37 0
-88 -77 62 0
-60 2 49 0
64 97 55 0
91 -44 35 0
16 34 33 0
-3 -41 69 0
-94 47 -81 0
11 57 35 0
87 -47 59 0
-56 -95 92 0
-32 -31 1 0
-40 -58 -38 0
66 60 91 0
-11 70 13 0
-62 -21 74 0
-51 19 -84 0
-83 7 -19 0
-22 -42 9 0
63 -68 38 0
-87 -13 -65 0
-93 17 70 0
49 72 -41 0
-15 83 44 0
73 24 14 0
78 18 65 0
24 -39 -9 0
53 -30 2 0
-46 -59 -56 0
50 -90 -68 0
-45 -7 -85 0
94 41 20 0
-12 -4 16 0
-29 33 -39 0
18 83 49 0
-41 53 -20 0
37 -64 90 0
-36 94 -86 0
42 33 55 0
52 -57 19 0
-43 29 -30 0
-81 12 26 0
16 42 64 0
-15 36 -60 0
-92 77 82 0
-99 -14 68 0
-8 6 -96 0
51 96 3 0
32 -47 97 0
2 8 63 0
69 4 -8 0
-32 -20 81 0
-44 96 -49 0
-17 33 -7 0
30 -61 -83 0
-60 56 54 0
24 -47 -97 0
87 -28 -49 0
-56 97 57 0
-79 28 -42 0
-45 84 -58 0
50 78 -94 0
-79 -91 -7 0
72 -95 40 0
-77 27 -88 0
-14 -28 -47 0
58 52 11 0
-77 8 40 0
11 -24 6 0
-38 71 -6 0
94 65 81 0
-25 53 61 0
98 -90 18 0
97 -30 43 0
2 -80 31 0
-2 -56 -65 0
-54 -100 6 0
-49 -82 -80 0
-33 -43 -16 0
-73 -15 -22 0
15 -75 10 0
95 85 -28 0
-35 98 100 0
45 -78 89 0
86 6 -49 0
-26 -85 -60 0
23 80 17 0
-14 13 -53 0
20 89 -19 0
28 15 78 0
-10 75 15 0
-83 9 54 0
-74 85 -33 0
-27 -71 78 0
66 32 -51 0
65 24 -83 0
-41 46 81 0
30 -87 -18 0
-99 -92 -23 0
-66 -88 69 0
44 75 -68 0
-28 -21 68 0
98 -97 52 0
-49 -36 -99 0
56 -26 -58 0
-81 40 -91 0
14 15 -99 0
54 88 37 0
-66 -58 -60 0
-79 6 7 0
73 -85 98 0
-76 36 -62 0
66 -17 97 0
97 27 41 0
88 71 -70 0
23 -63 85 0
-41 -28 39 0
37 -50 -100 0
54 -57 -61 0
63 -70 45 0
66 -89 -28 0
11 21 28 0
47 -34 -73 0
-39 -87 -37 0
70 -78 24 0
98 25 -56 0
-72 17 -26 0
-58 99 -54 0
-43 -92 30 0
-38 7 -17 0
93 -45 17 0
-86 97 45 0
82 -90 -84 0
99 -74 83 0
