c instance by G2
c solution = 0000010000111111011110101110110001011111000101111011001010100010100011011010100011101010000110101110
c Known solution cost is 2286 
p cnf 100 150
w 73 78 51 2 90 36 46 8 87 22 2 6 11 6 31 31 31 58 45 76 51 81 76 23 9 55 8 49 76 84 39 69 38 13 56 10 37 28 88 38 21 16 72 11 15 42 79 99 69 8 3 100 4 87 5 86 92 85 59 73 88 37 81 54 64 48 85 93 52 45 22 29 82 99 94 91 15 37 10 2 23 25 40 25 23 85 11 78 1 39 71 32 51 82 71 69 58 38 18 67
19 5 -85 0
-90 32 -48 0
16 10 -12 0
96 -24 47 0
-86 -67 5 0
-81 29 -70 0
83 -59 58 0
51 78 25 0
-78 -72 -87 0
-93 -99 -17 0
12 33 9 0
-97 22 -88 0
97 50 67 0
-45 50 74 0
-94 -27 41 0
74 -69 -96 0
97 -98 78 0
24 -50 -81 0
-91 -26 1 0
13 -44 -99 0
69 -6 66 0
40 -37 74 0
-25 -3 54 0
-44 -43 -80 0
-55 66 -17 0
-65 91 25 0
-97 35 99 0
33 -99 -28 0
-32 -85 22 0
-77 -24 74 0
-44 57 -83 0
62 -26 20 0
-34 26 64 0
62 34 32 0
-86 42 79 0
-58 -99 -77 0
-21 -84 -10 0
91 -9 -57 0
-77 54 -33 0
100 -36 -67 0
-80 -6 -46 0
61 2 -10 0
-64 -57 18 0
-72 -41 -37 0
28 -76 96 0
78 -57 -64 0
3 -19 -90 0
51 -72 -92 0
3 54 70 0
-48 50 -61 0
-61 -75 94 0
54 39 86 0
-71 -67 31 0
32 83 -19 0
-42 -40 -95 0
-63 -66 45 0
86 -85 49 0
-88 -63 10 0
95 -7 -5 0
14 -99 -52 0
-53 46 16 0
1 -53 -44 0
27 -77 9 0
4 44 -23 0
82 84 -51 0
86 75 -36 0
71 -34 21 0
43 89 65 0
17 -12 23 0
35 90 -94 0
66 -54 3 0
-9 61 -75 0
85 -1 96 0
-31 -6 -95 0
-85 1 95 0
3 28 85 0
-100 -98 -82 0
88 90 81 0
-99 55 66 0
7 -25 -89 0
-47 -85 59 0
36 -63 68 0
8 50 -22 0
-9 28 44 0
-70 -54 -52 0
-22 -83 52 0
-36 61 52 0
-50 -23 21 0
-62 96 -7 0
-33 -11 90 0
-37 48 -26 0
75 55 26 0
-43 -37 -30 0
-99 18 66 0
-65 -27 52 0
40 27 71 0
-55 -31 95 0
-86 -92 68 0
57 -64 45 0
-47 8 -4 0
38 35 -83 0
-35 41 100 0
-68 50 78 0
95 62 -19 0
6 79 -46 0
54 50 -79 0
-21 98 68 0
-38 -60 24 0
8 2 -5 0
-97 -12 36 0
-27 88 37 0
-98 11 68 0
29 96 -87 0
11 -44 74 0
16 -63 -44 0
-41 -82 88 0
-2 -85 17 0
1 -18 63 0
92 17 55 0
56 25 -23 0
61 -69 77 0
-11 -80 -90 0
14 35 80 0
-74 -65 -87 0
-84 -27 -93 0
39 21 36 0
-69 77 17 0
-65 -84 -11 0
42 -1 -37 0
-56 -63 -92 0
56 -67 -2 0
-55 -30 92 0
-8 -15 -81 0
-71 53 -83 0
76 30 80 0
3 87 62 0
72 91 -99 0
-89 61 -54 0
100 -73 -7 0
79 77 -50 0
22 -13 -94 0
-87 93 89 0
35 -48 73 0
15 56 -37 0
-96 -100 76 0
-29 -28 -65 0
46 -99 88 0
47 96 -27 0
71 -19 55 0
-83 -62 3 0
