c instance by G2
c solution = 0101111100001011001011010011100100111000011110010100101000001001001010001011101100000000001101111010
c Known solution cost is 2194 
p cnf 100 150
w 79 50 29 54 19 82 60 32 64 43 83 97 36 59 79 36 9 45 9 13 65 42 83 13 77 68 42 9 26 20 95 15 91 91 8 95 17 15 29 68 30 50 86 33 4 86 31 96 33 83 76 68 16 12 45 68 9 93 61 49 48 97 89 51 79 79 93 14 40 58 74 8 93 93 44 97 29 94 14 87 53 71 100 74 39 64 80 73 85 14 47 69 81 64 62 35 73 13 46 23
-89 74 34 0
-91 1 96 0
-19 65 -62 0
-20 -27 -2 0
-70 84 -79 0
-81 75 -40 0
-91 77 -95 0
83 -54 86 0
-45 -41 39 0
-66 77 87 0
67 82 57 0
-80 70 27 0
19 68 47 0
-23 -97 -95 0
40 93 -74 0
-23 -28 84 0
-24 -83 90 0
-91 -37 -59 0
-7 -74 -35 0
-3 -8 33 0
16 18 -92 0
-42 -49 23 0
18 95 -44 0
13 -43 79 0
84 50 88 0
-35 -16 -10 0
45 -67 25 0
-93 -32 9 0
1 97 56 0
-80 -99 -1 0
-35 -57 -50 0
-44 -42 -12 0
52 71 4 0
64 5 -47 0
-18 -7 -92 0
-61 60 -82 0
-28 15 90 0
-21 5 59 0
7 -42 30 0
-67 -28 36 0
99 10 -21 0
9 90 -84 0
8 -76 -77 0
11 -62 -43 0
56 28 86 0
60 -92 -30 0
-43 -71 63 0
23 -5 -11 0
-56 31 49 0
-97 33 73 0
-53 56 -88 0
79 84 -5 0
90 -4 -9 0
38 52 32 0
23 53 51 0
31 -3 -8 0
29 38 60 0
88 38 -26 0
28 -96 6 0
-29 -81 60 0
62 -100 54 0
38 -37 44 0
-7 76 46 0
-60 -28 -19 0
76 -15 -72 0
-13 97 -74 0
-52 -48 25 0
-78 66 -91 0
-66 43 -74 0
84 -91 -31 0
-69 -68 17 0
94 -53 18 0
82 4 88 0
38 -48 -86 0
-94 4 -99 0
-35 26 -47 0
46 -28 -10 0
78 -96 44 0
-72 -76 70 0
79 41 -76 0
-33 71 84 0
62 -76 -34 0
-28 -72 49 0
-80 10 7 0
4 -6 -35 0
-80 -77 -47 0
-29 49 13 0
-32 -38 -13 0
-23 -75 55 0
-65 -55 89 0
64 49 93 0
-98 55 -7 0
55 3 56 0
-45 -96 22 0
58 16 49 0
94 -60 25 0
-61 -50 -1 0
-47 -13 -20 0
30 -14 -94 0
11 -8 -63 0
-75 24 -2 0
56 -53 5 0
-33 100 17 0
-6 -11 72 0
-4 43 81 0
86 -42 21 0
-51 -37 -2 0
74 26 -59 0
80 54 -27 0
18 -45 -25 0
55 6 -41 0
40 13 15 0
41 91 59 0
97 -1 69 0
-76 46 50 0
100 -46 -73 0
30 42 78 0
18 -27 48 0
12 10 6 0
-68 60 49 0
49 -58 -19 0
-55 -87 -42 0
1 -86 52 0
34 68 61 0
-98 -80 -36 0
-55 -48 96 0
78 47 75 0
63 -2 -17 0
69 22 16 0
-39 -6 38 0
-57 -5 -45 0
-57 -8 73 0
71 -79 -90 0
34 -40 30 0
69 86 46 0
9 -53 35 0
2 31 3 0
-81 46 65 0
-65 -46 61 0
-66 -97 -53 0
-85 68 81 0
22 16 13 0
-27 62 37 0
82 -49 46 0
86 -20 33 0
18 -2 97 0
-71 70 51 0
-67 -87 51 0
16 -21 -64 0
-8 92 14 0
