c instance by G2
c solution = 1001111101001011110000000011111010010000100010001001110110001110010110010111000111011001001000111010
c Known solution cost is 2718 
p cnf 100 150
w 51 81 62 30 52 89 43 44 65 93 38 68 61 54 54 41 72 70 45 6 78 93 4 69 7 73 94 57 84 13 71 78 17 58 33 67 58 95 21 77 43 3 22 78 87 36 13 82 7 72 1 89 68 56 4 51 60 83 11 75 47 27 75 36 37 36 56 75 94 42 91 62 84 95 97 91 16 56 27 97 43 30 89 77 90 16 43 7 38 6 5 69 75 50 33 5 33 34 35 28
-9 75 98 0
7 -13 -21 0
43 78 -87 0
45 -68 42 0
-80 -28 -60 0
15 2 78 0
22 31 66 0
52 14 22 0
98 5 -76 0
-92 -62 -91 0
65 -10 4 0
-3 99 -81 0
-46 48 -3 0
14 -32 24 0
-9 -29 83 0
21 32 72 0
43 -73 56 0
-24 -97 -6 0
-64 -30 -80 0
25 60 -2 0
-68 98 7 0
-24 52 -29 0
68 -41 70 0
39 34 33 0
-45 78 56 0
98 85 -33 0
-46 -8 -44 0
-48 26 38 0
-36 -26 -44 0
16 21 100 0
-52 76 3 0
-55 -20 -48 0
-13 -37 -49 0
50 -28 80 0
-35 83 -97 0
55 95 38 0
29 -30 -13 0
-76 69 51 0
-15 -86 -30 0
65 66 -28 0
-74 -53 31 0
75 -69 -10 0
-68 -90 77 0
-48 10 3 0
46 -70 -6 0
59 -85 -38 0
-73 -95 23 0
11 -51 -17 0
54 19 77 0
42 -26 21 0
20 -71 -25 0
87 -39 -18 0
-67 78 -76 0
-78 14 49 0
-77 71 73 0
96 19 -94 0
-61 36 -57 0
-7 -52 8 0
90 55 -43 0
14 13 65 0
-46 47 42 0
83 12 82 0
-42 73 23 0
39 -88 72 0
26 -99 -50 0
-35 98 37 0
19 -65 -49 0
22 -20 -7 0
-91 -10 30 0
-25 3 -68 0
71 39 -64 0
51 91 22 0
92 4 -38 0
-12 -4 2 0
-43 35 17 0
-82 71 62 0
-74 -44 -91 0
79 77 -39 0
-58 64 -57 0
77 -6 -40 0
63 71 -79 0
33 2 -80 0
-74 99 58 0
-8 58 -51 0
48 -89 -91 0
61 34 -82 0
3 -57 -22 0
-78 94 46 0
-21 -96 58 0
-34 -8 -5 0
-11 -85 21 0
24 -78 -45 0
84 -57 -63 0
57 -88 55 0
75 -71 88 0
-27 -83 2 0
46 26 -70 0
-56 -93 100 0
-30 -27 -71 0
86 26 -22 0
-72 -16 -100 0
26 -63 88 0
-54 -19 83 0
-92 -47 -36 0
42 -40 -86 0
6 26 21 0
-6 -94 38 0
-21 -14 46 0
-68 2 -14 0
19 49 32 0
5 -44 11 0
26 12 41 0
-47 -5 83 0
-29 60 -26 0
82 77 -20 0
91 64 50 0
-96 63 51 0
9 -21 94 0
25 23 -100 0
-14 9 34 0
9 -79 87 0
53 77 35 0
-98 -7 -5 0
38 17 -85 0
5 30 -59 0
22 -27 -59 0
58 47 81 0
-99 94 -47 0
27 20 -36 0
-13 -86 70 0
-30 47 -12 0
-3 51 -68 0
-23 -54 -61 0
-27 -89 77 0
-5 -95 28 0
97 -75 14 0
-1 85 52 0
-63 80 7 0
-96 18 -8 0
91 93 -1 0
88 7 -17 0
77 57 47 0
74 89 30 0
9 1 90 0
30 -16 -54 0
10 -69 -99 0
96 24 -45 0
21 -99 -55 0
-82 74 83 0
-28 -26 64 0
