c instance by G2
c solution = 0001001000010000100111010001101101000111100000110000111101110110101100001011000111101010001110011110
c Known solution cost is 2859 
p cnf 100 150
w 26 66 76 60 59 20 42 47 6 64 27 57 26 38 72 11 85 3 22 36 66 72 74 68 22 58 44 78 30 13 89 85 84 97 11 42 87 35 14 58 72 52 15 84 28 80 100 45 61 75 17 77 23 92 44 52 79 62 72 66 73 100 99 45 11 71 86 51 67 19 13 50 78 20 77 82 48 57 35 98 71 79 57 97 69 81 37 67 80 28 74 23 6 54 15 15 55 90 1 43
-34 83 -31 0
-62 31 -91 0
-72 10 100 0
-11 -1 -97 0
-59 40 -47 0
74 -88 -47 0
72 -32 40 0
72 -84 51 0
66 17 84 0
80 -98 -97 0
10 -44 -56 0
-9 51 57 0
36 52 -88 0
-97 -83 82 0
-11 96 5 0
-48 22 -4 0
21 -4 -96 0
28 49 -48 0
83 -54 62 0
-62 18 80 0
-79 49 4 0
-89 74 -75 0
-18 42 -56 0
98 6 3 0
50 92 -55 0
18 28 -63 0
-45 -4 3 0
-58 85 -47 0
43 -49 -51 0
-87 -28 -57 0
-45 41 98 0
31 -44 1 0
77 87 -60 0
-29 -67 73 0
-3 -76 77 0
-58 -74 -67 0
-38 14 -71 0
-93 -46 88 0
14 -90 -32 0
-80 -77 1 0
34 -73 -97 0
-10 -9 -55 0
-83 -6 36 0
-47 -49 51 0
-36 18 5 0
-54 -23 -22 0
61 97 -76 0
54 72 -93 0
70 38 -81 0
-69 -22 -23 0
58 -51 100 0
-81 -86 -96 0
53 -84 80 0
53 42 -43 0
-62 -79 2 0
-41 -17 -33 0
87 75 -59 0
-37 -62 -40 0
54 89 45 0
-15 63 78 0
13 94 -79 0
-38 42 -78 0
2 19 59 0
35 60 -67 0
-94 -58 -92 0
-60 -88 -62 0
-38 48 14 0
58 23 -76 0
-86 -40 -59 0
55 33 90 0
-47 16 32 0
-19 17 -45 0
-15 -2 80 0
-98 4 59 0
9 -75 -95 0
-28 93 -81 0
2 -32 76 0
23 55 -37 0
-22 36 -35 0
55 37 80 0
27 -73 60 0
-65 30 4 0
66 -88 85 0
35 4 17 0
-53 -13 11 0
96 9 -73 0
81 -91 -17 0
20 44 63 0
-99 77 -64 0
-30 -76 -63 0
33 75 -98 0
-73 63 94 0
57 -39 7 0
-21 -72 90 0
-79 90 53 0
-94 -34 -13 0
59 -97 -83 0
-82 -52 -38 0
-58 88 -11 0
43 -39 -50 0
-73 4 13 0
64 -91 -51 0
-27 23 -20 0
37 93 -62 0
29 8 -12 0
-4 -22 -66 0
-26 78 84 0
74 82 -46 0
87 57 -39 0
7 54 50 0
-43 71 95 0
74 28 95 0
-12 -96 67 0
-92 24 57 0
-62 -61 -83 0
45 -19 -29 0
-25 -85 10 0
-92 91 86 0
9 -99 62 0
-48 47 72 0
50 6 12 0
-31 -21 -70 0
33 -73 -16 0
-15 72 -73 0
-34 -10 61 0
-5 89 -82 0
18 -76 53 0
-93 -99 -37 0
100 27 39 0
3 33 -100 0
-96 -51 76 0
-48 21 38 0
43 27 65 0
-55 -12 -42 0
10 11 -36 0
3 5 20 0
-21 41 6 0
32 18 46 0
50 -14 -98 0
78 90 -66 0
-8 -41 3 0
56 -60 -12 0
61 -11 -78 0
57 31 -100 0
99 2 -20 0
-1 52 -21 0
-69 30 51 0
-2 -80 14 0
-86 -17 3 0
68 -56 -4 0
