c instance by G2
c solution = 0110010001010011010011101111110101011111111010100101101011001110101010100010101010100010001101000110
c Known solution cost is 2774 
p cnf 100 150
w 12 96 19 11 43 76 85 32 98 45 34 96 20 1 51 65 10 52 75 45 94 94 64 50 44 39 50 97 51 9 76 76 8 12 29 46 79 76 34 27 7 26 31 87 35 32 88 33 96 70 83 16 92 88 74 80 36 21 33 76 54 45 84 8 1 76 100 44 30 46 82 29 9 28 66 80 37 19 90 8 1 62 38 75 63 85 17 38 37 60 13 61 19 79 68 29 65 42 46 39
68 58 33 0
-19 -12 13 0
-59 4 -83 0
-62 -53 -74 0
-25 -13 96 0
57 -2 5 0
-59 52 -62 0
-69 56 43 0
-83 73 2 0
-77 75 -64 0
-3 -84 -34 0
44 6 -28 0
-13 -94 -71 0
-25 -4 -87 0
11 38 -54 0
-47 35 81 0
8 40 -3 0
-9 -26 44 0
-80 -30 66 0
57 -82 -15 0
-2 98 -65 0
-27 78 34 0
4 -67 71 0
-62 13 16 0
20 57 -42 0
-1 84 47 0
58 -11 -73 0
-51 -70 -62 0
-53 -10 -82 0
-56 41 65 0
45 1 -71 0
60 18 89 0
-54 -15 -94 0
-31 -50 -83 0
35 -20 -34 0
-56 -27 -87 0
-49 -90 94 0
-96 -40 19 0
-69 52 7 0
15 -67 96 0
-93 35 89 0
13 53 -78 0
-57 -86 -53 0
22 -43 -45 0
33 -73 -81 0
-79 35 27 0
51 26 -71 0
-22 -100 -69 0
-87 95 -46 0
81 -96 -79 0
-76 21 93 0
-80 -67 -40 0
-94 -96 18 0
20 65 -50 0
10 50 -63 0
68 -10 36 0
-49 -38 -63 0
-63 53 32 0
69 -91 96 0
96 42 -23 0
36 51 91 0
68 -37 -95 0
74 -15 94 0
21 80 -53 0
-86 -72 88 0
-16 -80 82 0
72 -88 -58 0
26 18 -51 0
13 50 60 0
96 -39 -64 0
-46 -33 -91 0
-1 44 -41 0
25 -63 24 0
56 -32 18 0
-22 -66 74 0
-60 46 44 0
-63 -18 28 0
-24 60 93 0
-18 82 77 0
-27 -33 8 0
-17 -30 96 0
-11 97 17 0
84 87 -99 0
-64 77 94 0
-94 1 -68 0
83 -62 84 0
-8 -71 -6 0
-98 56 30 0
41 -98 -69 0
-91 74 -17 0
7 58 60 0
19 -78 82 0
-81 -7 17 0
-17 -20 -80 0
91 64 -45 0
93 61 -98 0
90 23 -36 0
23 -89 86 0
70 -62 -44 0
-43 58 -53 0
-85 46 -42 0
44 -38 -76 0
56 53 80 0
59 60 -35 0
-91 -13 -7 0
32 56 -94 0
61 73 -57 0
93 37 -83 0
96 -24 -18 0
-34 29 97 0
24 -44 -63 0
86 38 -81 0
-59 19 -27 0
35 -21 -5 0
-54 50 17 0
46 -59 -76 0
36 10 1 0
-42 10 -40 0
-34 -83 -14 0
11 47 100 0
-77 70 55 0
97 24 -70 0
-59 8 -2 0
81 -36 34 0
-97 -41 -99 0
-36 12 -77 0
-62 -98 -72 0
14 12 31 0
34 -49 -94 0
89 -51 88 0
28 66 35 0
79 -36 -28 0
66 92 -58 0
-88 96 53 0
75 -47 -3 0
59 14 39 0
62 -57 73 0
70 19 3 0
-61 -89 -99 0
9 -30 -11 0
56 71 48 0
7 -2 37 0
-26 63 88 0
-96 -90 61 0
99 16 40 0
-53 80 -48 0
-90 31 -47 0
99 -52 35 0
-16 -61 67 0
78 -4 56 0
