c instance by G2
c solution = 1011001010101000101100110011111001111011001100110101100100000101110100111101010001110010011111110110
c Known solution cost is 2930 
p cnf 100 150
w 71 15 90 21 80 20 38 41 29 98 24 9 47 66 2 53 31 76 63 84 83 57 41 86 31 66 52 58 74 95 20 79 5 80 38 18 71 81 17 4 53 84 80 66 31 98 39 54 34 72 1 75 27 58 81 56 100 89 97 77 32 86 83 27 24 73 10 12 7 54 40 37 23 21 56 20 51 83 96 77 100 48 26 40 24 9 96 16 64 75 93 68 87 48 51 78 70 100 53 38
45 37 -90 0
-19 16 62 0
-33 70 -17 0
-44 -11 95 0
-88 66 -20 0
49 -51 -96 0
89 43 26 0
-52 74 -84 0
76 -84 -62 0
-21 47 38 0
10 -28 -18 0
31 -13 -89 0
1 -68 -72 0
-3 29 25 0
-46 22 -35 0
-6 25 86 0
77 71 57 0
-78 -85 -72 0
-26 5 81 0
12 -5 -44 0
-94 -66 -32 0
-74 -3 93 0
71 -72 -29 0
-31 -36 -49 0
42 -61 -24 0
27 -21 96 0
96 -99 -64 0
4 75 -40 0
60 -25 17 0
-64 31 -78 0
5 80 78 0
-57 -64 -50 0
66 42 77 0
-49 -36 63 0
44 57 33 0
5 86 40 0
92 70 49 0
-40 -42 -66 0
45 33 -100 0
59 -80 70 0
83 -47 50 0
-43 3 -7 0
44 -29 -58 0
-84 -14 81 0
77 -9 50 0
94 -48 54 0
-54 -95 18 0
6 13 -74 0
-85 25 14 0
84 -33 3 0
80 -69 42 0
6 63 -38 0
98 97 -56 0
-37 -86 41 0
-62 -50 -12 0
-34 11 -71 0
55 -73 48 0
-19 55 -88 0
-79 -76 -8 0
-38 9 -69 0
-12 49 -9 0
89 20 21 0
-2 3 -11 0
83 16 -89 0
77 -4 83 0
-32 55 56 0
68 -17 97 0
-47 50 38 0
-51 -9 21 0
-52 53 -50 0
-74 -47 56 0
-23 -52 -21 0
13 66 78 0
37 9 94 0
94 -6 -62 0
57 -9 -16 0
-68 -44 82 0
-23 -6 99 0
-87 99 -39 0
28 -50 51 0
28 88 86 0
35 69 22 0
4 51 -58 0
-2 61 -56 0
-8 -13 -93 0
-71 -22 -93 0
64 15 -40 0
34 -91 2 0
-99 59 23 0
21 19 -52 0
9 59 -95 0
47 79 80 0
-28 26 -77 0
42 39 -31 0
-9 -81 22 0
42 -7 53 0
-47 -15 8 0
12 25 7 0
89 13 26 0
-43 -55 -65 0
27 -76 45 0
-30 52 22 0
57 -82 -10 0
46 -18 -26 0
63 -57 54 0
93 -71 82 0
-63 -92 42 0
-83 47 -44 0
-70 63 45 0
53 18 20 0
74 13 50 0
9 44 -25 0
-45 -39 63 0
-31 -96 73 0
-30 -44 87 0
60 -9 24 0
91 89 -68 0
-58 86 55 0
-92 -7 23 0
10 84 -20 0
-27 -25 58 0
-35 85 -60 0
20 2 25 0
49 -94 -89 0
-29 -55 -95 0
-4 90 -83 0
58 -90 72 0
72 -88 -3 0
19 -30 -44 0
17 49 59 0
81 65 -94 0
26 -63 -75 0
68 -22 80 0
-87 -90 52 0
-13 -79 -19 0
51 -11 -67 0
38 -46 -7 0
-31 57 -59 0
-75 -14 -33 0
12 28 98 0
15 -12 63 0
-35 51 -97 0
-39 -41 61 0
89 36 16 0
-36 -31 30 0
-82 -5 -75 0
-75 100 -39 0
46 -57 -90 0
-13 -45 22 0
92 -90 96 0
