c instance by G2
c solution = 1011011000010011100000101011001001111110000110111011110001010001001100111010000001110011000010000111
c Known solution cost is 2529 
p cnf 100 150
w 85 99 38 99 27 20 24 68 83 81 50 53 4 60 14 35 81 59 89 85 83 53 40 4 89 2 29 59 39 14 44 99 59 65 71 91 90 73 56 43 9 58 3 55 58 48 7 22 60 71 62 91 29 21 94 27 81 69 75 86 71 22 30 68 90 46 72 34 5 93 73 42 29 26 86 14 62 82 12 67 90 15 60 46 66 74 11 38 90 42 52 78 90 52 31 97 48 15 96 38
-27 -74 85 0
9 87 93 0
96 -39 54 0
68 86 5 0
55 5 -24 0
-15 39 -33 0
-21 36 86 0
69 -16 -63 0
-47 42 1 0
-62 -47 -45 0
-76 57 -84 0
-37 -86 -68 0
-56 89 55 0
-6 38 -54 0
-2 24 62 0
42 -94 85 0
21 -100 49 0
76 88 -25 0
-29 -55 -77 0
-60 -35 28 0
10 -82 -81 0
81 -27 64 0
-12 -47 67 0
12 62 77 0
-55 -81 54 0
36 55 33 0
99 -67 -75 0
-87 -4 6 0
56 5 -46 0
21 13 -5 0
-13 5 81 0
36 -49 77 0
-40 -31 33 0
87 62 -47 0
-19 -38 21 0
-84 97 53 0
14 49 -15 0
86 81 -61 0
-30 -19 1 0
2 16 93 0
25 16 -93 0
59 -22 85 0
42 80 27 0
-10 2 -38 0
76 -2 -45 0
-51 73 -28 0
51 -25 11 0
-38 61 -33 0
-44 82 81 0
-49 -50 -34 0
59 -75 4 0
25 -93 -28 0
13 22 -33 0
75 -7 -54 0
-21 -48 -19 0
21 85 17 0
-89 41 79 0
-18 46 -39 0
-88 -32 65 0
76 18 -94 0
92 13 -96 0
28 100 10 0
-71 -60 -24 0
-4 47 -38 0
86 -17 -43 0
-37 -69 -34 0
-73 75 -77 0
60 41 95 0
37 40 11 0
78 34 -25 0
-49 81 -41 0
23 76 57 0
69 92 -97 0
-9 -93 95 0
-19 31 -76 0
13 -60 16 0
-71 -15 -29 0
-83 67 46 0
-49 52 -83 0
30 56 -9 0
-7 50 -85 0
-67 -10 -48 0
32 48 10 0
-8 79 -25 0
-30 -72 81 0
-39 -99 -77 0
80 -75 31 0
-1 -31 64 0
61 -22 90 0
-70 -83 -100 0
83 -93 69 0
-59 28 -56 0
-47 35 -49 0
82 58 -50 0
-59 97 -99 0
-48 94 1 0
99 9 -66 0
-93 -76 -46 0
-15 -21 9 0
-65 61 -31 0
-42 63 76 0
43 3 50 0
-60 -78 -39 0
62 -26 9 0
-66 -60 -68 0
63 14 84 0
-12 -62 -87 0
-12 16 -66 0
59 -80 -49 0
-80 61 -39 0
15 61 20 0
71 5 35 0
71 -34 -7 0
-4 52 76 0
10 -67 -55 0
10 49 -34 0
44 -35 -39 0
-64 -25 72 0
45 56 11 0
1 81 36 0
-92 -58 -35 0
-2 33 -84 0
-49 71 13 0
58 24 14 0
-42 -21 -74 0
-58 -17 -14 0
-34 93 94 0
-74 73 -18 0
46 -82 -92 0
-52 18 -11 0
34 -26 60 0
-94 -62 100 0
-15 20 1 0
40 -98 88 0
-95 24 -71 0
32 -65 -1 0
-57 -88 -75 0
-80 -35 -15 0
85 63 -79 0
-84 52 49 0
-44 -98 -90 0
79 89 -20 0
-37 39 11 0
-63 -98 -37 0
33 32 7 0
29 53 7 0
-91 59 77 0
31 56 17 0
98 65 69 0
100 70 -7 0
