c instance by G2
c solution = 0011110011111011001111111011110111011110110000000110100001010010000010111100010010001110000011000000
c Known solution cost is 2867 
p cnf 100 150
w 89 50 75 25 90 80 22 7 50 38 45 67 59 43 100 50 28 57 38 60 75 20 68 12 98 86 72 4 76 69 12 68 21 81 84 48 43 92 88 93 93 22 34 66 65 69 68 92 96 20 79 7 57 41 23 1 71 56 21 81 68 66 40 16 32 66 60 33 14 7 36 20 98 78 84 64 79 12 57 33 72 12 30 88 93 43 67 87 44 10 44 87 83 91 51 19 42 75 40 26
35 71 57 0
10 -60 46 0
86 -46 -87 0
-40 -8 -7 0
16 -80 48 0
-91 -42 -39 0
54 -85 42 0
-63 -6 5 0
-23 -13 -67 0
26 75 -35 0
3 99 -32 0
-94 -68 18 0
-92 66 80 0
17 -68 -32 0
47 6 -67 0
-16 59 -80 0
35 27 -24 0
91 75 34 0
33 46 65 0
3 93 -50 0
-10 3 59 0
-9 -55 79 0
-24 92 16 0
-11 8 20 0
83 49 34 0
50 -20 -2 0
-77 -41 68 0
-42 -45 -29 0
-37 23 26 0
-57 13 36 0
83 60 18 0
74 84 -23 0
37 -53 -55 0
-64 -15 47 0
-54 -87 8 0
45 19 35 0
-44 17 -36 0
82 100 -67 0
-4 49 12 0
-36 28 67 0
49 25 -38 0
-20 -42 4 0
-62 97 90 0
34 -92 47 0
-16 47 -57 0
100 49 -96 0
70 15 -94 0
51 79 49 0
15 -46 54 0
89 67 28 0
-60 -88 -36 0
83 -38 58 0
32 49 76 0
-4 -5 -61 0
7 8 37 0
2 -48 49 0
88 1 9 0
-85 78 61 0
94 -37 -72 0
-27 -75 -58 0
-27 64 73 0
34 -77 -61 0
-35 -53 -61 0
72 -41 -36 0
-4 -8 65 0
-9 59 73 0
58 -56 -46 0
-96 -30 -50 0
77 30 68 0
-15 83 -70 0
67 -34 -59 0
-64 37 -16 0
24 -38 88 0
26 -93 63 0
40 82 -43 0
-90 -19 -34 0
-13 68 87 0
64 69 -87 0
-66 -4 -24 0
53 44 7 0
-14 64 -29 0
4 -56 85 0
38 85 -22 0
66 38 -65 0
-76 31 -19 0
98 -52 -73 0
-40 -69 96 0
47 2 29 0
16 33 79 0
-97 -90 -10 0
56 -47 -69 0
67 -8 24 0
-20 -70 1 0
-17 76 99 0
-64 80 -100 0
38 -39 61 0
6 99 -29 0
86 61 44 0
91 -17 -93 0
56 -72 32 0
-85 -97 -16 0
57 -1 -38 0
-30 23 86 0
8 -63 -35 0
88 -56 54 0
-82 -16 66 0
77 64 -46 0
43 93 -5 0
71 79 -42 0
-83 90 -34 0
-33 -18 -4 0
-94 -2 8 0
-98 18 -93 0
91 -70 -96 0
-13 -98 -23 0
-50 -99 -35 0
-71 -74 11 0
46 -4 -89 0
85 -83 65 0
-31 76 -5 0
15 -24 -99 0
-36 80 22 0
-38 -7 73 0
36 75 91 0
-69 39 89 0
99 43 6 0
-94 88 -26 0
-39 -3 -7 0
-36 -93 -95 0
86 -63 61 0
68 -74 -100 0
92 97 25 0
-80 56 -88 0
46 -58 81 0
-49 89 -4 0
-6 93 -78 0
17 -33 50 0
75 77 21 0
68 -33 4 0
90 -84 68 0
-53 20 30 0
59 -22 93 0
62 -65 -50 0
68 -51 22 0
8 -32 41 0
-94 13 -41 0
98 48 60 0
-10 85 79 0
-99 -81 52 0
80 -27 -79 0
