c instance by G2
c solution = 0000101010110110111101010101001100000101000101101000110110001011000011010000100011001111011001011001
c Known solution cost is 2598 
p cnf 100 150
w 43 95 13 99 94 83 35 33 5 42 38 69 87 65 61 84 7 84 5 81 27 81 62 63 36 28 2 80 21 80 44 78 54 5 11 59 56 54 65 55 84 85 90 46 60 89 40 61 14 62 55 30 98 98 9 4 58 50 47 6 10 72 96 84 62 14 29 33 64 72 58 59 21 45 91 47 58 94 51 22 74 33 36 58 5 96 45 97 22 72 77 12 27 71 26 74 5 93 71 32
-79 -44 -64 0
87 33 41 0
24 21 48 0
29 -69 -42 0
-58 -96 -56 0
12 73 -5 0
83 9 48 0
-17 -85 -60 0
89 21 9 0
60 -39 -32 0
-97 80 38 0
-90 44 -70 0
-27 -86 80 0
72 37 -61 0
40 74 -11 0
-20 30 -37 0
-24 74 -50 0
-91 -85 82 0
55 16 28 0
-92 -78 83 0
50 95 40 0
-45 16 47 0
32 -28 76 0
9 -14 -88 0
-56 88 8 0
-82 22 71 0
-53 -93 -11 0
6 89 -71 0
-31 -55 51 0
-19 -16 -69 0
-44 16 53 0
-97 -42 16 0
-51 71 27 0
13 -10 -94 0
-90 3 -52 0
-25 78 89 0
-65 26 -99 0
-40 -4 59 0
26 55 -77 0
25 5 -16 0
24 27 -15 0
70 80 62 0
66 -33 52 0
17 65 -56 0
1 -61 49 0
60 -81 64 0
-76 -58 -92 0
-19 -70 -76 0
-22 81 36 0
63 -26 -46 0
-20 -52 -14 0
-83 -86 81 0
-63 91 -19 0
97 1 37 0
-78 40 -91 0
86 93 59 0
-64 -21 -18 0
-97 66 -13 0
-31 -30 99 0
-6 -72 1 0
61 37 3 0
-64 38 71 0
-51 16 -27 0
68 -9 -43 0
48 -99 51 0
-40 18 89 0
68 -40 96 0
23 -51 45 0
29 14 -46 0
-5 -49 20 0
57 22 80 0
-44 62 -59 0
90 -12 36 0
-34 -90 -64 0
99 71 100 0
-32 -73 42 0
21 -86 -68 0
-44 -54 -23 0
-29 6 19 0
50 -62 -76 0
-62 13 -11 0
-40 -66 13 0
20 55 -32 0
90 -46 33 0
8 -41 73 0
-74 78 58 0
-46 -28 15 0
22 -26 1 0
-44 -5 94 0
-22 30 -2 0
-89 29 -11 0
-95 51 -61 0
-87 -3 -57 0
40 -46 28 0
57 -69 -100 0
11 -31 1 0
89 60 -80 0
-88 -28 -68 0
66 -48 73 0
-13 -7 -96 0
10 99 -1 0
5 -86 43 0
55 97 -67 0
83 82 91 0
23 12 91 0
-3 43 8 0
-98 79 -5 0
9 10 -97 0
-69 -78 -49 0
-83 -18 -87 0
52 -98 -81 0
62 78 19 0
-48 -21 -94 0
45 -84 4 0
77 -22 83 0
69 73 92 0
51 -83 -94 0
-61 -32 -30 0
-17 50 47 0
-26 -92 -15 0
65 43 85 0
20 -90 -56 0
-73 -66 -98 0
-65 -22 -9 0
-99 41 90 0
-62 94 -95 0
-26 16 -36 0
-8 16 84 0
16 -1 92 0
-45 -19 -9 0
15 -57 59 0
56 79 -7 0
77 -42 -55 0
-2 76 22 0
86 -56 22 0
-75 -7 65 0
-35 -57 -15 0
-81 -24 -67 0
8 -29 62 0
-49 79 7 0
-26 -97 -67 0
46 36 -72 0
39 -32 -83 0
41 -20 31 0
99 -54 38 0
-46 59 15 0
33 48 -42 0
-57 43 54 0
-89 -88 -49 0
-80 42 79 0
