c instance by G2
c solution = 1110011111011010000000001010101101010101011111110111000111001010110111111100011110101100010110001000
c Known solution cost is 2626 
p cnf 100 150
w 1 33 11 53 81 12 46 2 76 84 42 60 48 84 77 8 32 41 96 93 51 35 41 75 94 74 14 33 12 31 71 67 64 55 62 78 88 79 31 87 86 5 52 64 97 9 51 3 85 83 59 74 26 40 62 36 28 52 36 86 38 31 77 62 13 20 44 57 41 8 17 75 52 29 90 87 11 61 67 50 1 78 77 64 81 68 41 60 38 17 44 91 58 2 70 32 8 41 48 59
-4 -8 -85 0
-36 -38 -14 0
-9 -87 -32 0
32 -69 14 0
-46 20 92 0
54 11 69 0
-70 -99 19 0
95 21 -89 0
81 14 -40 0
95 -81 66 0
-28 88 -90 0
-93 -90 12 0
46 64 14 0
-70 72 22 0
36 -46 47 0
92 -25 78 0
58 72 87 0
-3 -64 49 0
-95 19 37 0
73 20 -71 0
14 90 -15 0
-26 -5 -87 0
-99 40 -63 0
-39 9 98 0
-97 37 61 0
-3 49 63 0
-8 -85 48 0
42 24 -2 0
61 17 -8 0
67 91 40 0
-13 2 49 0
-62 78 -67 0
21 62 -100 0
33 76 -55 0
-41 14 -90 0
-70 -92 -20 0
92 82 -15 0
-25 87 -77 0
-97 -12 34 0
-68 -65 71 0
-5 91 96 0
-43 86 -31 0
47 -97 -13 0
9 -45 55 0
7 -61 49 0
57 -70 26 0
-76 54 24 0
-52 83 97 0
9 -88 -56 0
-70 27 -65 0
-68 66 17 0
56 75 -58 0
-39 24 -45 0
-8 3 -93 0
-53 -93 -86 0
36 -79 -65 0
18 -12 -22 0
95 96 -39 0
8 -66 75 0
-14 -62 -1 0
81 91 12 0
-59 -68 -73 0
76 -94 -40 0
33 97 96 0
72 45 -96 0
41 43 61 0
-8 -75 -74 0
50 -44 60 0
-68 -98 28 0
-57 -6 -19 0
19 -33 -10 0
89 -95 -92 0
68 42 70 0
-44 -31 -21 0
55 -57 46 0
-32 -38 -60 0
-26 -78 -93 0
-16 -1 99 0
-81 18 -95 0
-32 -68 74 0
-49 -10 100 0
-73 -11 -9 0
99 15 -70 0
-82 -31 -36 0
-35 -31 -51 0
-51 -15 93 0
-61 -67 -3 0
-63 -40 -23 0
86 24 -44 0
-22 19 53 0
30 -23 46 0
-52 80 -85 0
13 -44 75 0
52 -73 -50 0
49 -32 -18 0
5 45 -69 0
98 60 -30 0
-10 32 -93 0
-36 -80 83 0
-60 16 -13 0
69 22 -85 0
47 33 -34 0
-3 -47 29 0
1 37 17 0
-10 65 -3 0
-3 82 38 0
50 -66 82 0
-10 100 70 0
-64 -46 -50 0
-62 -25 -48 0
-54 11 91 0
-98 -20 -55 0
26 -92 40 0
26 31 -78 0
-40 51 20 0
-58 48 -79 0
-80 84 -21 0
-55 -44 -15 0
75 85 -51 0
77 -72 -55 0
4 86 97 0
20 -62 18 0
-90 -69 86 0
-16 -79 -78 0
30 -92 9 0
81 -28 -48 0
-45 58 -12 0
-16 -51 -1 0
-52 -65 -37 0
-78 -34 71 0
14 16 -88 0
-52 -56 -17 0
58 -99 70 0
-91 64 -97 0
67 -44 68 0
-67 -6 33 0
79 -40 99 0
65 97 -73 0
-78 -56 10 0
76 28 6 0
-1 -96 14 0
6 -60 -57 0
-7 33 44 0
-58 22 43 0
-71 25 41 0
39 78 60 0
-34 -84 -6 0
98 -49 -66 0
-34 32 39 0
-79 -24 -83 0
