c instance by G2
c solution = 0010110100000100000101011110100001000101111000110001000100001000000000000000110111101011001111101000
c Known solution cost is 1813 
p cnf 100 150
w 88 72 42 20 54 70 77 48 57 53 60 28 44 26 69 74 12 57 83 21 33 2 62 82 39 94 77 11 31 33 72 39 98 5 96 69 35 49 46 41 35 51 95 47 70 27 39 1 90 96 85 14 62 6 61 91 80 60 84 41 66 66 65 5 26 65 25 76 9 18 53 7 91 30 67 75 75 30 66 2 41 18 46 53 1 29 55 94 43 6 60 38 65 90 55 68 70 42 74 54
17 -90 59 0
-41 14 -78 0
35 -50 52 0
-55 15 28 0
84 -27 92 0
-11 73 -25 0
59 4 -71 0
-69 16 -37 0
37 -77 -69 0
17 -96 35 0
-84 95 57 0
-20 -71 -38 0
-68 49 -85 0
56 15 18 0
-16 39 47 0
-27 44 24 0
-37 84 53 0
-54 99 98 0
-46 1 36 0
43 -80 -56 0
31 -65 2 0
-88 18 -60 0
-45 66 -28 0
48 18 -97 0
26 7 45 0
13 75 41 0
-98 67 70 0
29 -6 63 0
42 -85 31 0
27 7 10 0
-59 54 -92 0
91 74 12 0
-82 -92 -86 0
59 68 3 0
63 38 79 0
51 97 59 0
-43 96 -67 0
54 -10 19 0
98 16 -89 0
-6 -54 76 0
-52 95 39 0
-52 -97 22 0
-48 7 61 0
-51 70 18 0
37 80 -94 0
23 58 -28 0
73 8 -6 0
77 -94 28 0
71 -40 -46 0
55 -100 12 0
-97 23 48 0
-65 -96 72 0
46 -12 71 0
85 -77 -47 0
32 -42 -55 0
-9 66 71 0
1 53 -21 0
45 -75 17 0
-39 -29 32 0
30 73 -59 0
58 83 -17 0
5 21 65 0
31 -36 10 0
-44 -31 -64 0
-14 -58 -34 0
-34 82 -27 0
-63 36 59 0
71 85 -88 0
62 -16 72 0
88 -22 18 0
75 -91 -49 0
75 -99 -92 0
-51 76 36 0
-21 -87 49 0
99 -13 15 0
18 39 -66 0
16 -2 -25 0
-81 -34 83 0
-12 36 -6 0
17 -32 33 0
37 -64 -78 0
60 54 -51 0
-83 93 50 0
-80 46 82 0
-73 -42 36 0
66 52 -41 0
37 -7 -26 0
78 -7 -30 0
31 64 -45 0
-91 -23 41 0
62 -31 -92 0
-44 -82 -3 0
-81 94 -25 0
6 -5 53 0
-62 -48 -83 0
43 58 75 0
6 28 19 0
55 74 78 0
-98 72 -45 0
70 75 -16 0
69 37 34 0
-33 16 35 0
-70 62 6 0
100 -56 -4 0
-60 46 -43 0
89 -34 -84 0
2 20 21 0
-80 58 47 0
-70 -38 59 0
-51 20 -69 0
100 -40 -54 0
-14 -6 -1 0
-30 -4 25 0
36 -62 67 0
-41 87 10 0
-35 -38 -80 0
-19 -67 -61 0
-72 -92 -27 0
-72 -41 -23 0
65 -91 47 0
-35 -36 -78 0
59 -76 53 0
-58 -32 6 0
-80 25 12 0
35 -17 39 0
-25 94 -47 0
-88 -86 31 0
-57 -22 79 0
-75 31 19 0
-79 9 -85 0
60 -15 -43 0
-20 -15 -33 0
-24 -18 4 0
-74 -6 31 0
-32 -26 43 0
99 50 -19 0
81 49 -78 0
-25 -30 -29 0
80 48 90 0
-23 -5 75 0
-50 15 -26 0
-81 11 -23 0
-76 4 79 0
-84 51 -65 0
-36 -29 30 0
-37 -13 -83 0
-8 40 99 0
-99 -78 -52 0
-53 -47 -85 0
-74 19 59 0
