c instance by G2
c solution = 1111100000001000100110110111000100011010101011101101011110101111010000011000010110111010011011010011
c Known solution cost is 2721 
p cnf 100 150
w 79 63 64 9 67 39 61 70 74 82 72 9 91 43 74 36 50 98 44 61 41 84 6 61 23 51 60 85 2 41 32 84 29 35 100 35 97 36 68 61 20 100 82 26 98 69 47 58 30 61 68 53 58 3 73 15 13 6 74 14 19 28 50 75 6 47 67 70 65 73 45 49 92 4 25 26 81 4 51 74 94 45 21 64 70 27 59 82 79 9 97 100 48 45 24 35 81 17 23 8
-2 -6 -3 0
16 -43 55 0
-29 19 86 0
-82 -20 -12 0
-82 -75 -45 0
14 -42 44 0
-27 -33 -96 0
-46 95 45 0
-84 59 14 0
-51 -42 53 0
-90 61 -49 0
23 -53 27 0
-45 3 10 0
-14 92 -24 0
-56 68 -75 0
22 -35 -57 0
30 17 11 0
-37 36 -50 0
-68 60 -47 0
91 -98 77 0
-97 -70 23 0
-54 -78 96 0
-64 57 51 0
-78 -18 -61 0
90 36 70 0
58 -71 -17 0
-38 65 -24 0
70 -51 58 0
-9 25 -23 0
29 -79 -43 0
-46 12 28 0
35 3 11 0
-10 97 89 0
-63 -1 -48 0
24 -27 -3 0
90 43 36 0
-44 30 71 0
-97 76 69 0
-74 67 -2 0
97 -92 -54 0
-80 13 -20 0
9 -46 -7 0
-84 -69 11 0
-29 73 -16 0
-78 43 -37 0
-34 -23 -3 0
30 68 23 0
92 -54 21 0
65 -70 -2 0
-32 -22 -26 0
-84 -64 94 0
36 -59 41 0
-9 -90 -96 0
75 -61 47 0
11 -50 5 0
88 84 -57 0
-13 5 -59 0
-62 37 8 0
49 -64 77 0
89 41 -46 0
20 12 54 0
2 26 75 0
80 -37 -4 0
-37 -67 -99 0
-49 -35 87 0
-43 17 -91 0
-85 81 -28 0
96 9 12 0
58 77 20 0
-56 42 4 0
-96 -98 74 0
61 -32 -31 0
9 -8 -93 0
-19 86 -20 0
-96 -73 85 0
2 -60 -81 0
26 88 67 0
53 64 -12 0
39 -73 79 0
-11 96 -14 0
19 -17 -53 0
54 -61 -72 0
-65 20 -6 0
-16 -73 -41 0
19 6 50 0
47 38 45 0
-21 14 -33 0
-81 91 -5 0
59 -29 55 0
72 -57 -27 0
-72 43 -37 0
66 12 89 0
-73 69 57 0
1 27 14 0
-77 -81 -93 0
27 -87 -36 0
82 -63 52 0
-41 -23 -89 0
31 87 -49 0
96 -93 -18 0
-57 -63 -88 0
-52 -82 -54 0
-57 49 -85 0
-87 -76 79 0
100 33 72 0
32 -21 65 0
-80 68 100 0
-29 -80 -33 0
46 22 -94 0
88 83 -55 0
9 74 62 0
-95 -39 -97 0
-60 -36 -50 0
-40 -59 -56 0
-50 38 55 0
40 -13 -69 0
25 -43 56 0
-12 -20 -47 0
-15 53 75 0
2 -94 -55 0
71 86 3 0
-47 73 60 0
-5 -94 78 0
-94 -73 -58 0
58 20 -32 0
-76 44 -38 0
1 38 67 0
93 10 -13 0
-90 -31 18 0
-49 77 26 0
-57 -47 -65 0
-59 50 -46 0
33 8 99 0
-1 -59 -25 0
-3 -43 81 0
14 90 -62 0
100 9 -63 0
-80 64 14 0
-28 -37 50 0
11 63 38 0
-21 -30 67 0
82 -11 -21 0
48 63 -79 0
-95 25 -24 0
-56 -30 -1 0
62 -100 69 0
-48 -17 58 0
64 -21 -32 0
-96 97 -86 0
-50 97 -38 0
