c instance by G2
c solution = 1011110000000001011001110001100101011101011010011111111101101001111111000001110010100110110010001011
c Known solution cost is 24413 
p cnf 100 400
w 309 4 269 989 549 702 66 294 978 342 451 780 427 872 907 544 199 217 475 818 386 756 872 294 502 899 298 907 910 65 526 92 826 121 810 844 805 432 477 726 551 603 376 254 186 423 583 21 550 295 113 221 137 686 502 440 570 688 264 407 619 1 517 101 503 235 816 813 97 748 431 44 668 944 889 678 62 949 127 993 225 989 165 723 302 36 36 975 35 788 945 261 415 194 292 888 203 296 816 178
-45 95 -30 0
-69 71 93 0
55 9 1 0
-100 -75 -27 0
41 -71 80 0
7 64 -62 0
25 -75 16 0
-43 9 51 0
99 -4 -23 0
-11 9 -83 0
2 88 -15 0
36 73 -21 0
41 70 2 0
-6 -66 49 0
65 35 38 0
-91 -37 -2 0
-66 54 -37 0
85 53 -58 0
-61 -93 -85 0
-88 30 -37 0
28 14 -65 0
24 -5 80 0
67 81 64 0
24 98 17 0
-83 7 29 0
24 -28 100 0
-9 5 58 0
17 -42 -27 0
-66 32 -23 0
-93 -56 -71 0
-60 -49 -7 0
18 -30 -90 0
-88 -57 90 0
-18 81 48 0
-24 75 -13 0
22 -70 15 0
27 68 89 0
21 -79 -42 0
-74 10 -73 0
97 73 10 0
19 -50 -45 0
49 -19 25 0
-81 -39 82 0
52 86 82 0
9 -77 -41 0
43 -95 90 0
85 37 -1 0
94 -43 -75 0
-44 -56 -76 0
-87 27 1 0
33 86 -83 0
-46 -79 60 0
-99 81 79 0
-31 -10 -45 0
100 -40 6 0
32 35 72 0
-26 -82 -10 0
13 38 58 0
42 64 83 0
3 31 -69 0
-86 -81 67 0
55 59 -9 0
-36 33 99 0
-10 -65 40 0
19 37 -11 0
28 89 -35 0
-91 -51 -24 0
-93 -3 1 0
9 -65 -88 0
-18 6 57 0
-56 -92 38 0
-9 64 -42 0
61 54 -83 0
87 40 92 0
-80 -50 36 0
-31 -66 47 0
33 47 -31 0
-56 -82 74 0
74 22 63 0
39 46 54 0
20 13 -94 0
-22 -47 -41 0
33 -71 -76 0
-50 -22 -72 0
-13 91 82 0
-8 -41 -21 0
84 -29 -25 0
96 49 25 0
-2 25 -10 0
5 74 66 0
12 -44 35 0
65 67 15 0
-6 17 38 0
26 58 71 0
-17 14 99 0
86 -59 -75 0
-84 -51 -99 0
19 -68 18 0
47 -63 -54 0
44 74 -13 0
18 2 82 0
-60 -25 24 0
77 1 -100 0
-88 72 96 0
42 -12 9 0
-74 -78 -83 0
53 -93 73 0
36 -22 -56 0
44 -17 65 0
58 75 64 0
44 100 57 0
41 -17 88 0
-43 -10 -69 0
-11 74 -39 0
96 50 94 0
91 79 -82 0
22 15 -83 0
-19 63 -62 0
-50 14 -26 0
-26 21 88 0
-94 62 44 0
-13 82 -10 0
-24 99 51 0
67 -44 -76 0
64 -83 46 0
55 -53 -80 0
69 -90 -85 0
-49 -83 -75 0
47 -24 -27 0
24 14 -98 0
74 80 76 0
-32 68 -22 0
-40 98 -91 0
47 -83 65 0
-2 -94 -49 0
18 69 44 0
-88 -100 58 0
79 -57 -62 0
73 -53 -15 0
14 49 33 0
38 -37 -89 0
-34 -93 36 0
46 -20 47 0
-35 87 -33 0
-11 40 17 0
67 79 56 0
-75 48 -4 0
74 -52 -8 0
-82 -77 14 0
-48 69 21 0
67 98 63 0
-20 7 91 0
15 6 81 0
-50 -76 53 0
-87 -38 90 0
-13 -12 5 0
-42 -11 29 0
33 -43 70 0
30 -61 -44 0
-90 -79 -4 0
-33 94 -43 0
-73 -39 63 0
6 -99 -20 0
-36 17 -15 0
68 40 -67 0
-6 43 -53 0
40 -87 98 0
54 -13 -41 0
15 -42 40 0
29 61 -18 0
-45 -13 -21 0
-9 84 30 0
-4 86 -82 0
-93 56 21 0
24 -78 30 0
27 7 32 0
-10 85 -86 0
100 -41 -92 0
52 -68 -7 0
46 67 95 0
51 -63 64 0
-12 -40 88 0
-86 88 -25 0
-30 -40 2 0
-97 -1 -35 0
94 -72 -58 0
32 54 74 0
33 -35 75 0
42 -19 -20 0
16 77 78 0
-24 -91 65 0
8 3 -97 0
29 -66 -5 0
18 81 10 0
-20 -88 38 0
61 12 -81 0
-88 94 96 0
34 87 84 0
74 -52 -72 0
-34 -31 40 0
15 -95 41 0
-8 -97 90 0
-87 -6 -85 0
10 -87 -74 0
18 -93 94 0
29 -1 44 0
-26 64 -1 0
5 46 -16 0
11 -35 58 0
-50 96 1 0
36 -41 -79 0
-41 -77 9 0
81 65 95 0
41 66 -22 0
15 -6 81 0
-95 -76 83 0
-85 -35 25 0
34 79 -3 0
97 -15 32 0
55 15 26 0
-61 -43 67 0
52 99 -89 0
21 -23 -79 0
81 60 10 0
48 -81 -13 0
-85 -40 -38 0
-9 18 12 0
-9 -50 54 0
-10 -57 73 0
-53 37 92 0
-89 -7 60 0
82 77 -45 0
-99 -60 -70 0
6 98 49 0
-14 -95 -31 0
8 22 11 0
14 -17 74 0
-90 20 77 0
44 9 69 0
14 1 -53 0
-88 95 -1 0
-73 27 -70 0
-12 25 -3 0
28 42 98 0
94 7 53 0
-22 88 -84 0
-92 82 17 0
-69 -54 77 0
-78 68 61 0
-18 79 83 0
-98 96 72 0
82 38 -18 0
47 -14 -4 0
90 37 76 0
-55 90 -96 0
-73 -3 47 0
78 48 -12 0
-83 90 -65 0
-46 -84 -71 0
-88 75 55 0
32 -33 -88 0
-27 -43 -64 0
-57 -62 58 0
48 2 -38 0
4 57 95 0
-20 -56 92 0
-92 -68 -94 0
-3 23 18 0
-73 -89 61 0
16 -73 81 0
98 16 -20 0
32 70 41 0
-56 3 51 0
4 -22 -62 0
43 25 -59 0
85 -11 90 0
-78 16 1 0
98 -81 89 0
86 -7 -58 0
98 54 83 0
-81 52 33 0
-70 100 83 0
16 12 -6 0
12 -75 -50 0
81 3 -43 0
-11 58 -2 0
31 50 95 0
27 -15 -69 0
-41 -76 18 0
-77 59 -92 0
-80 35 60 0
88 -77 -44 0
42 -33 -38 0
57 -69 -72 0
-6 -60 57 0
18 41 36 0
-74 77 73 0
93 76 -23 0
-3 -27 70 0
-57 -56 -51 0
-96 63 31 0
99 -29 -75 0
-48 11 43 0
-25 77 -11 0
14 -23 76 0
10 3 16 0
52 43 -12 0
-13 79 73 0
-15 6 82 0
-9 88 50 0
-51 -8 -39 0
-18 6 13 0
-13 -22 -73 0
-1 98 97 0
36 90 97 0
-80 -68 -82 0
86 -16 75 0
13 47 37 0
-23 16 30 0
-72 -37 18 0
59 -64 41 0
19 -85 98 0
-29 -3 78 0
-25 36 26 0
-8 57 59 0
-95 80 -61 0
88 -49 -2 0
-5 -24 69 0
-68 -64 45 0
14 41 87 0
30 -47 15 0
-48 -8 -32 0
-70 43 24 0
-56 -2 -88 0
-86 -63 -59 0
90 40 -68 0
-20 -51 27 0
68 98 -80 0
-45 33 61 0
52 -40 -32 0
-91 -36 -50 0
14 -51 -20 0
-17 -71 11 0
-93 51 21 0
-4 20 42 0
7 77 -59 0
32 14 -86 0
-86 -46 12 0
72 54 -2 0
-69 -25 -34 0
-50 7 54 0
-73 -43 -63 0
-95 12 -50 0
67 -9 55 0
86 23 99 0
-66 -46 -45 0
-11 52 -83 0
38 -41 68 0
78 31 19 0
-94 25 -79 0
-75 -44 82 0
15 -16 100 0
-31 12 -47 0
-55 79 -9 0
15 -2 20 0
16 25 95 0
63 -11 -93 0
63 87 82 0
-37 72 -46 0
-62 84 -53 0
7 -56 23 0
46 22 79 0
-32 97 14 0
-15 -56 -1 0
84 -9 -65 0
100 -91 78 0
-82 -94 -29 0
-22 -37 -91 0
-63 -100 -73 0
67 -75 -18 0
-43 55 1 0
18 -46 89 0
89 28 -51 0
58 46 57 0
-12 13 -37 0
-13 -45 28 0
-8 60 41 0
-68 17 50 0
35 -25 75 0
-56 -12 16 0
19 -4 -74 0
43 71 57 0
24 49 -56 0
48 -49 -96 0
55 9 -67 0
47 38 5 0
47 74 -13 0
30 66 -54 0
-48 -21 -54 0
30 -47 -37 0
