c instance by G2
c solution = 101111000000000101100111000110010101110101101001111111110110100111111100000111001010011011
c Known solution cost is 27024 
p cnf 90 360
w 540 14 631 740 954 433 904 256 274 204 837 582 931 388 25 171 461 959 750 19 59 238 652 397 8 482 726 895 766 220 397 254 155 959 683 481 860 122 484 162 667 501 801 770 492 875 448 577 551 204 232 924 431 499 582 418 335 453 261 830 284 671 643 796 909 958 443 591 529 299 45 936 907 294 189 243 97 491 491 919 419 946 759 98 200 7 904 118 856 549
33 -86 -82 0
-83 -10 44 0
-64 -63 41 0
-53 -38 29 0
-75 84 41 0
72 33 -20 0
-83 -54 6 0
-65 -31 -45 0
-53 36 49 0
82 86 -50 0
69 25 53 0
85 48 -58 0
63 -39 30 0
4 49 -32 0
-12 -20 -80 0
46 62 -57 0
-47 70 -7 0
-77 6 -68 0
74 56 68 0
2 47 4 0
69 -44 39 0
27 22 -73 0
-73 -1 -63 0
-17 -81 -88 0
-90 16 -64 0
-10 55 -53 0
13 24 28 0
-31 -53 29 0
-5 12 45 0
30 7 61 0
54 3 -59 0
30 57 -8 0
70 37 -82 0
88 -54 29 0
-16 60 -10 0
9 72 51 0
-62 90 -53 0
-44 62 -8 0
88 19 85 0
48 -72 37 0
-10 -58 -81 0
77 84 1 0
-65 -8 87 0
-70 -2 14 0
30 26 45 0
65 -83 84 0
-84 -41 -85 0
75 -80 74 0
48 -4 -51 0
44 -62 82 0
-3 54 31 0
69 -19 -17 0
29 5 -11 0
-17 -41 15 0
-60 -53 -55 0
63 -77 -62 0
-26 43 -29 0
21 65 90 0
71 68 -72 0
60 38 -36 0
9 -39 -87 0
-14 -34 -53 0
58 28 2 0
43 -83 48 0
-44 69 20 0
-5 -28 -46 0
85 65 40 0
-56 9 49 0
-21 -54 52 0
15 -59 -63 0
-25 80 -45 0
-57 -61 65 0
28 -51 -70 0
62 64 83 0
-7 -36 -19 0
-5 15 45 0
76 -27 -48 0
-71 60 65 0
1 -70 -39 0
-89 45 -54 0
-15 60 -29 0
11 26 -80 0
-32 38 -71 0
-30 -80 -70 0
-42 -44 85 0
26 -83 68 0
35 34 52 0
28 11 -50 0
43 61 39 0
17 6 -24 0
-57 -32 -76 0
56 67 21 0
-29 9 -71 0
-58 -40 5 0
-9 -45 74 0
41 -17 -64 0
-32 36 -48 0
87 -81 -16 0
78 73 -65 0
-52 89 -12 0
26 -52 16 0
-63 -14 -5 0
17 49 -80 0
-58 -18 19 0
21 10 50 0
53 26 -59 0
62 -47 9 0
67 34 -86 0
-37 48 38 0
58 19 -6 0
54 60 -22 0
73 31 -46 0
36 25 79 0
-28 -79 -54 0
-45 -34 70 0
-31 -54 -1 0
-45 -29 50 0
-86 10 81 0
-56 -31 -80 0
20 -64 -8 0
-11 80 83 0
14 34 -73 0
-60 -49 -44 0
27 45 56 0
66 62 52 0
-18 -33 -32 0
54 -63 -16 0
-32 -41 -89 0
32 6 3 0
3 -42 37 0
-58 38 -59 0
-43 33 -41 0
-31 70 14 0
65 5 -90 0
-90 -87 40 0
-15 -37 21 0
81 -17 -70 0
-57 55 -9 0
-32 -22 -20 0
75 88 -35 0
-44 -83 11 0
-67 -62 57 0
-29 -6 -9 0
-7 -67 -35 0
89 11 -16 0
-84 -42 17 0
-89 31 18 0
-81 79 -88 0
33 72 -25 0
-80 44 78 0
87 28 88 0
54 26 77 0
48 35 -29 0
84 55 -68 0
25 18 -83 0
39 -33 14 0
17 23 -56 0
-23 11 -9 0
-75 70 -14 0
48 40 -75 0
-85 -80 64 0
-53 33 87 0
-24 45 -15 0
-52 32 -13 0
21 -33 -55 0
-56 5 89 0
-27 64 -72 0
71 -28 -79 0
56 -23 15 0
10 -6 48 0
-24 -47 -1 0
-66 -61 65 0
79 -88 73 0
87 77 83 0
-35 -36 -43 0
11 42 -52 0
63 8 43 0
-33 -8 -52 0
56 31 53 0
86 75 26 0
23 66 -88 0
-11 87 -33 0
-2 -38 -59 0
70 67 7 0
-74 -29 14 0
-54 62 32 0
66 -78 11 0
21 59 -23 0
-21 -48 46 0
22 -70 42 0
-7 -8 4 0
-78 -12 17 0
-41 -69 15 0
-68 90 39 0
20 56 72 0
54 -33 -23 0
89 -77 21 0
85 2 32 0
86 26 37 0
-17 90 -12 0
79 4 75 0
-8 -34 22 0
-64 -9 -89 0
-83 -63 16 0
69 71 -48 0
88 55 -69 0
-31 -38 -64 0
24 -42 33 0
-55 -16 87 0
33 61 -20 0
-38 -69 -72 0
-10 -54 -83 0
-66 -27 46 0
-9 -90 78 0
-66 31 -14 0
-71 -51 28 0
68 -86 -61 0
75 5 7 0
-80 -55 67 0
6 54 -55 0
14 19 -65 0
25 56 -54 0
-12 71 -50 0
87 -79 -11 0
78 -35 -10 0
81 34 73 0
-63 27 84 0
61 -9 6 0
49 11 21 0
57 11 29 0
47 -41 -53 0
-2 -64 -49 0
-39 55 58 0
3 57 -24 0
-75 45 36 0
76 -88 -46 0
-26 -4 76 0
-25 -59 56 0
34 -81 62 0
-37 28 6 0
44 6 -81 0
56 -80 -67 0
18 41 32 0
-56 -75 65 0
-41 -52 68 0
6 -44 -3 0
9 59 39 0
-76 3 -30 0
57 -11 30 0
-90 78 -89 0
-53 64 -34 0
4 -82 55 0
15 38 -78 0
-45 18 -85 0
-73 44 -58 0
-29 73 40 0
-39 85 -58 0
28 -56 -50 0
-28 24 60 0
-72 -33 43 0
49 -35 -59 0
-72 -62 52 0
50 71 67 0
86 11 -57 0
48 -81 62 0
77 -53 -49 0
47 31 59 0
-52 34 57 0
-55 74 22 0
-49 -62 -33 0
-5 -36 -85 0
43 39 24 0
37 85 -1 0
31 38 42 0
-67 65 25 0
-5 -75 -86 0
-75 58 16 0
1 60 -89 0
-81 -78 38 0
-37 -68 -63 0
69 81 -84 0
5 -3 89 0
42 69 55 0
-65 -48 23 0
-59 -37 -30 0
59 71 67 0
17 -25 -55 0
69 62 -23 0
-10 39 -71 0
89 -59 11 0
77 78 79 0
3 -73 -4 0
45 -49 -22 0
-75 -38 -17 0
90 32 -2 0
-30 10 84 0
-25 -68 46 0
48 82 -71 0
-25 71 -38 0
-82 -58 -61 0
21 -4 -72 0
-1 28 64 0
7 23 -27 0
-26 29 84 0
57 40 90 0
-76 22 67 0
58 72 21 0
59 13 -6 0
-4 12 67 0
87 -61 50 0
-78 68 37 0
77 51 -2 0
43 63 -86 0
-89 -9 15 0
2 68 73 0
-47 60 -23 0
-6 73 76 0
-35 -62 -1 0
77 59 22 0
1 -48 57 0
-60 -70 35 0
44 -52 42 0
-90 48 -14 0
-88 -33 1 0
-52 -62 -16 0
-61 35 22 0
-84 -35 32 0
-63 -49 -46 0
-37 52 -19 0
90 7 -36 0
-3 -81 -21 0
13 -11 74 0
78 -42 69 0
-45 28 68 0
87 -88 -68 0
74 -11 26 0
28 -24 -88 0
30 -65 -57 0
-54 -85 63 0
-26 68 28 0
-7 84 67 0
-53 9 -13 0
-23 77 62 0
50 42 -5 0
-71 -80 27 0
-81 88 -13 0
-20 -66 82 0
-48 -47 52 0
83 -52 -24 0
74 -71 -78 0
78 -31 58 0
45 -68 -3 0
18 51 -57 0
88 90 -40 0
55 -7 9 0
-53 -25 1 0
-87 44 -26 0
18 8 -68 0
-22 78 26 0
-53 -15 -25 0
