c instance by G2
c solution = 1011110000000001011001110001100101011101011010011111111101101001111111
c Known solution cost is 19184 
p cnf 70 280
w 405 294 325 349 743 217 465 871 835 211 208 897 450 73 230 910 224 50 767 322 477 372 757 709 621 184 522 230 716 115 293 406 240 882 140 435 541 787 168 233 859 523 601 38 587 431 310 543 187 655 124 401 878 555 851 451 395 165 319 13 207 79 402 473 392 67 334 79 102 856
-16 -49 37 0
37 15 -19 0
56 18 59 0
-50 54 -56 0
-59 -50 54 0
44 41 50 0
36 20 -64 0
22 -30 -32 0
27 -26 62 0
8 59 -55 0
-68 45 -49 0
-52 -11 69 0
-1 42 -3 0
15 68 -5 0
-45 -43 65 0
29 -25 68 0
48 22 68 0
-28 -57 10 0
14 -35 10 0
-25 35 -10 0
-41 -3 7 0
44 -38 -63 0
32 24 -2 0
-3 -17 50 0
49 1 -18 0
31 3 -13 0
24 4 -13 0
-62 19 -46 0
26 29 5 0
-63 -9 25 0
35 17 -11 0
6 59 5 0
51 40 52 0
-40 38 -1 0
-60 24 44 0
-18 42 46 0
-46 12 -43 0
-66 -2 -68 0
-34 -17 67 0
-29 58 -11 0
14 -3 -31 0
58 15 8 0
70 17 6 0
41 70 65 0
-47 -46 -45 0
52 -20 15 0
1 -39 -52 0
-68 -6 -47 0
20 -35 -22 0
51 -13 34 0
-58 69 61 0
-58 28 31 0
27 16 26 0
37 -34 -16 0
-20 21 41 0
32 -48 -27 0
-56 14 -31 0
-4 -32 53 0
-38 66 17 0
70 -17 18 0
6 -38 25 0
-15 22 26 0
-55 -24 22 0
-66 -62 16 0
57 48 43 0
-5 66 46 0
44 51 -13 0
35 39 -27 0
17 -69 65 0
10 -47 -27 0
-56 -45 69 0
67 26 -36 0
33 -36 64 0
-6 32 57 0
-70 -55 64 0
35 -22 4 0
27 40 41 0
-20 -68 -23 0
-40 -3 70 0
-8 -18 -3 0
44 -19 -35 0
-18 4 5 0
59 57 -11 0
-14 -11 35 0
28 57 17 0
38 -15 -68 0
67 -55 62 0
53 56 -3 0
-65 37 -61 0
46 -25 60 0
-19 -53 -25 0
35 -24 5 0
45 -35 46 0
-25 -66 63 0
40 -41 8 0
-14 -56 31 0
-70 60 23 0
-30 -67 33 0
-65 -44 59 0
-1 -16 18 0
18 -30 -70 0
23 7 -51 0
-10 -25 60 0
23 12 9 0
66 -9 -65 0
-11 -18 -29 0
-46 -2 14 0
41 -27 -50 0
-20 60 6 0
29 -37 -1 0
41 -9 -55 0
-13 -43 47 0
12 57 -25 0
33 51 -29 0
32 70 21 0
-28 54 46 0
10 3 66 0
37 -25 -19 0
-69 48 70 0
-8 -67 50 0
4 -7 45 0
-3 51 62 0
-6 -49 64 0
5 -62 63 0
9 -10 -55 0
2 16 22 0
-44 -25 -21 0
22 -61 -6 0
25 -3 -60 0
59 -17 -62 0
-49 8 22 0
-55 -70 -8 0
39 18 -11 0
-40 27 51 0
-70 50 67 0
-35 38 -64 0
26 -13 1 0
6 52 -36 0
-64 -41 70 0
22 -24 5 0
46 -4 -13 0
-55 -45 65 0
48 -18 -43 0
-16 -9 70 0
-50 11 -7 0
-41 -8 62 0
42 20 -38 0
-38 51 10 0
-40 -68 48 0
-38 -14 -5 0
18 58 -50 0
32 63 -2 0
-62 -18 -49 0
-20 -49 -37 0
44 -52 -2 0
-19 -47 26 0
-22 58 25 0
-48 6 -28 0
-43 53 8 0
64 62 53 0
60 -31 -42 0
-7 -22 60 0
-29 61 19 0
66 2 -4 0
-61 -57 -52 0
61 -4 -38 0
51 -11 40 0
-13 -23 1 0
17 -25 -48 0
11 -55 58 0
3 -35 5 0
27 64 -2 0
54 -62 -12 0
52 59 -9 0
60 16 -4 0
-67 42 -56 0
-1 49 -23 0
66 37 28 0
27 30 42 0
45 59 11 0
-38 -4 55 0
20 -41 -69 0
-17 -3 -64 0
41 -30 -24 0
38 -19 25 0
-5 1 -66 0
-12 8 -48 0
12 29 27 0
-22 -47 -31 0
-30 33 44 0
24 47 43 0
58 -41 -13 0
12 -35 -30 0
41 -5 28 0
52 20 -6 0
-11 -45 60 0
-44 -58 7 0
68 -29 -6 0
37 -43 -34 0
4 -36 35 0
-52 -70 28 0
-45 23 1 0
42 -67 -16 0
-24 60 -33 0
53 -55 60 0
-24 -33 47 0
-58 16 11 0
-20 -66 43 0
43 -41 -6 0
13 8 18 0
-54 -17 -6 0
-69 -25 -68 0
58 46 -60 0
-34 32 44 0
68 58 -22 0
-55 -26 -41 0
-66 -52 3 0
-52 18 -69 0
-28 57 19 0
18 51 6 0
36 58 61 0
-63 -9 3 0
-16 -46 62 0
-53 -56 -31 0
-22 9 59 0
52 18 -15 0
-34 -60 -16 0
30 -16 -10 0
-50 7 24 0
-19 -68 49 0
-7 -2 48 0
25 -6 61 0
-2 25 -30 0
-28 -29 43 0
15 41 -17 0
-24 55 64 0
42 35 32 0
-62 -4 -9 0
-45 13 24 0
-20 -26 2 0
-65 19 -29 0
-7 25 -17 0
-37 54 19 0
-36 43 -3 0
66 -1 -49 0
10 -1 -14 0
-61 35 34 0
-14 -64 -34 0
-14 -58 -33 0
-32 -45 56 0
-13 -15 -46 0
-17 37 61 0
-33 50 17 0
22 63 -17 0
35 10 19 0
-46 -5 21 0
-21 -45 -16 0
-32 48 -54 0
-13 -19 31 0
-2 -27 -1 0
52 14 29 0
-36 -2 52 0
-63 -22 -3 0
-5 -31 13 0
46 -39 -6 0
-38 69 33 0
-41 2 -47 0
48 -26 29 0
39 -8 58 0
-41 -10 -15 0
-2 -28 -53 0
-34 -33 16 0
47 42 7 0
-21 -24 -1 0
-46 -2 -40 0
-67 17 -15 0
68 -27 -69 0
6 -57 -48 0
57 70 48 0
-15 -3 -61 0
