c instance by G2
c solution = 10111100000000010110011100011001010111010110100111111111011010011111110000011100
c Known solution cost is 19282 
p cnf 80 320
w 830 782 747 918 70 681 27 782 410 515 142 994 347 842 477 509 524 104 820 135 104 248 111 825 878 588 877 946 558 368 64 443 178 166 838 245 190 730 419 415 302 971 302 38 647 314 816 333 620 296 3 394 251 593 251 221 244 281 113 433 654 785 564 158 387 666 831 37 662 478 415 826 660 693 254 421 68 88 56 551
18 33 -75 0
50 -29 -63 0
75 -44 7 0
-60 -49 25 0
40 -8 17 0
-73 -24 -51 0
80 -73 50 0
24 72 -28 0
-34 -33 -3 0
-6 45 -77 0
4 11 50 0
-47 -50 -37 0
-41 12 79 0
-70 4 54 0
51 -67 25 0
11 72 -15 0
42 -28 32 0
49 15 26 0
31 -77 -57 0
70 50 57 0
18 -46 -26 0
37 67 -35 0
16 57 21 0
13 -77 40 0
-41 75 51 0
3 9 71 0
-49 36 53 0
-56 35 1 0
-64 26 22 0
16 18 77 0
-79 -53 51 0
67 2 -10 0
18 6 -39 0
41 77 -35 0
-21 54 -73 0
-76 -13 -39 0
-18 77 76 0
-65 55 -26 0
44 33 -15 0
22 -13 -69 0
24 33 -65 0
71 -67 36 0
14 -35 10 0
-65 33 -74 0
-21 -3 -50 0
78 3 31 0
-7 41 -51 0
-40 -76 18 0
-46 27 -4 0
29 60 -21 0
-40 48 -49 0
-26 -12 19 0
-71 -25 -53 0
-29 -23 -12 0
39 -33 -63 0
-33 1 5 0
-73 -15 -24 0
-27 42 17 0
-77 59 37 0
-6 22 -72 0
17 53 -51 0
5 52 -20 0
-32 67 -15 0
47 4 -37 0
8 -14 30 0
76 56 57 0
-67 -60 -5 0
-51 -6 -79 0
43 -10 23 0
-61 15 -75 0
72 -71 12 0
-65 74 -9 0
11 67 75 0
-40 71 -8 0
14 38 16 0
-9 -14 22 0
-24 -6 54 0
68 -38 11 0
76 55 -33 0
6 -58 41 0
28 71 10 0
15 56 5 0
-64 69 28 0
21 68 -15 0
-31 -78 74 0
56 -74 77 0
-69 36 -41 0
-16 -9 -50 0
73 -23 70 0
-3 78 55 0
-69 75 38 0
44 31 -75 0
63 50 -27 0
53 -46 52 0
50 -78 71 0
-43 38 28 0
-52 32 30 0
55 -75 39 0
59 45 35 0
53 -40 38 0
39 32 55 0
-65 72 3 0
-36 78 -28 0
6 -10 40 0
58 36 -73 0
75 60 -31 0
-49 46 56 0
58 -9 8 0
58 -63 69 0
44 77 -16 0
61 -2 -54 0
10 -5 -75 0
15 -43 23 0
64 26 58 0
-35 -39 41 0
-2 41 62 0
3 57 42 0
-34 19 -5 0
-21 -18 36 0
45 46 -67 0
-75 -76 -48 0
-22 62 -79 0
-69 -4 51 0
-32 22 57 0
-32 -71 -28 0
8 78 41 0
-80 27 4 0
23 46 -18 0
15 -80 -51 0
16 -28 -36 0
36 -48 49 0
-7 -51 31 0
-62 -10 -56 0
-68 46 23 0
56 -50 -65 0
55 7 -78 0
-19 -20 2 0
-1 45 60 0
-21 48 18 0
33 -7 -6 0
4 58 -26 0
-38 34 42 0
-28 -77 32 0
69 -15 28 0
64 -36 -52 0
-69 43 -40 0
50 79 26 0
32 72 -24 0
-75 -5 33 0
-23 59 -4 0
-30 -80 27 0
-42 4 -22 0
18 54 -46 0
57 51 -43 0
52 -59 -64 0
-17 -75 42 0
23 -29 68 0
13 -62 -54 0
-3 42 7 0
-62 65 -51 0
-69 -47 -63 0
59 41 -6 0
-51 -60 -48 0
69 -48 39 0
70 -62 -71 0
49 -46 21 0
-24 69 14 0
-22 -76 -2 0
-80 -67 47 0
-26 33 -32 0
39 -22 -57 0
-58 63 70 0
22 -72 -28 0
61 -40 -56 0
-69 -4 -57 0
62 -43 37 0
-22 58 -37 0
-11 -32 25 0
74 -46 -2 0
61 -58 46 0
36 3 25 0
-38 69 -50 0
-8 76 50 0
-40 -79 47 0
-1 -30 60 0
28 42 64 0
12 -25 -4 0
78 48 9 0
9 74 -11 0
58 22 34 0
-28 -71 32 0
-49 -52 53 0
73 -51 -30 0
17 -2 -51 0
-4 22 -13 0
35 63 -75 0
65 -28 12 0
61 -19 -25 0
30 -11 -8 0
6 42 28 0
33 -13 -55 0
38 47 68 0
-50 -20 -9 0
70 50 46 0
-44 6 38 0
-55 44 -25 0
-25 -15 -16 0
61 -74 -53 0
-73 -44 -16 0
46 -63 -59 0
38 76 32 0
61 73 56 0
58 15 60 0
46 -73 35 0
54 -46 -24 0
44 53 7 0
-2 67 1 0
-7 69 61 0
-3 -39 80 0
48 -12 45 0
-28 -59 -7 0
38 -25 77 0
-40 -1 64 0
39 30 -60 0
61 -27 -22 0
-34 64 -78 0
49 9 -65 0
6 -36 -32 0
73 -25 -42 0
67 -36 -56 0
40 44 -2 0
-13 -33 -3 0
37 -68 -24 0
-71 -13 -45 0
1 -8 66 0
61 -74 -51 0
-18 -26 -79 0
-19 29 31 0
34 27 -16 0
55 18 -50 0
-26 -5 35 0
23 -29 -67 0
15 -56 -12 0
5 -40 -43 0
38 67 80 0
-66 12 -10 0
-9 -69 38 0
-56 -4 19 0
-19 -74 55 0
-29 -57 79 0
20 14 76 0
27 30 -41 0
51 21 -39 0
65 -68 -57 0
45 -9 -44 0
-61 -14 39 0
-37 -2 -27 0
24 63 -48 0
-54 -36 -71 0
-46 -4 -19 0
-61 62 48 0
44 57 -47 0
-33 -78 35 0
-3 65 47 0
-53 -27 -48 0
-63 -62 65 0
-76 25 37 0
-59 -31 29 0
-30 -58 57 0
64 41 30 0
-68 -46 4 0
3 -50 71 0
43 76 9 0
16 21 -65 0
-30 -28 -68 0
-25 -77 54 0
77 34 -52 0
69 -22 8 0
-21 35 -34 0
-66 -6 3 0
-63 6 9 0
23 -45 76 0
-32 -56 -72 0
5 -21 -56 0
-45 -68 34 0
-6 -31 8 0
58 -68 -80 0
-11 48 -21 0
76 39 -48 0
-78 67 37 0
66 -19 -1 0
-35 -3 -78 0
-51 -5 36 0
72 67 78 0
-14 -75 -36 0
-63 -23 -9 0
20 -11 78 0
15 40 -65 0
61 -20 74 0
-66 30 -75 0
74 -53 -62 0
31 -26 -66 0
-55 -29 61 0
15 -48 37 0
58 -48 -77 0
10 -17 -42 0
32 -67 -48 0
52 15 9 0
-44 -78 48 0
-44 -72 57 0
-12 -3 -47 0
79 -69 49 0
62 -72 -20 0
-80 -34 15 0
-80 34 27 0
-60 53 78 0
15 80 -17 0
-59 35 69 0
1 -54 -15 0
-68 -8 70 0
