c instance by G2
c solution = 10111100000000010110
c Known solution cost is 3416 
p cnf 20 80
w 290 86 668 83 751 78 28 348 722 412 19 919 228 185 221 998 866 516 32 112
-10 -20 -9 0
-18 5 20 0
-9 -10 7 0
-5 1 9 0
11 12 -15 0
1 -20 14 0
10 -5 -15 0
11 19 -17 0
-10 4 14 0
3 -9 8 0
-17 -18 8 0
-1 3 -5 0
17 13 -11 0
-15 -5 13 0
2 18 14 0
-14 -15 -16 0
-5 -17 14 0
-4 11 -2 0
7 4 -17 0
-6 2 -12 0
1 8 -15 0
6 7 -9 0
-8 17 -5 0
7 -13 8 0
-12 -11 -8 0
11 1 -19 0
-8 -11 12 0
17 -16 -2 0
4 -5 -11 0
-8 -17 12 0
8 16 -18 0
-16 -4 19 0
8 2 4 0
3 12 -7 0
14 -13 -2 0
13 2 -12 0
15 -8 17 0
-6 10 -15 0
17 -15 8 0
9 -2 8 0
9 6 -11 0
16 18 17 0
3 -5 16 0
-11 -18 14 0
-10 20 2 0
-5 14 -7 0
-5 -8 14 0
3 -10 11 0
14 12 6 0
-3 6 9 0
-14 -13 -3 0
-10 -20 7 0
1 -20 -16 0
19 2 4 0
-6 -12 19 0
13 -6 -2 0
10 -9 -3 0
14 -6 -2 0
3 -9 -7 0
8 -14 10 0
11 5 -18 0
12 7 18 0
-11 -3 -19 0
6 -18 1 0
-7 -10 -17 0
5 -12 13 0
15 18 -10 0
2 -13 -9 0
8 -20 -4 0
5 6 -7 0
-18 17 16 0
9 2 19 0
-17 -3 13 0
15 4 20 0
-7 9 1 0
-2 18 -17 0
13 -11 -10 0
-9 -4 -17 0
19 -2 -17 0
8 13 -9 0
