c instance by G2
c solution = 1011110000000001011001110001100101011101
c Known solution cost is 8364 
p cnf 40 160
w 18 41 22 597 242 715 27 732 232 855 16 209 652 967 479 241 902 171 743 380 614 425 550 175 79 716 356 616 684 377 510 678 788 128 570 489 836 435 489 599
23 -35 10 0
-1 14 3 0
-38 -6 -30 0
-37 32 -6 0
-29 28 10 0
33 -35 15 0
31 -35 38 0
-21 -16 18 0
25 -11 10 0
-5 11 40 0
33 6 -3 0
22 24 4 0
6 -27 -38 0
13 38 18 0
7 -23 -14 0
8 18 -20 0
4 -37 5 0
22 25 -38 0
35 11 -27 0
-28 34 16 0
-29 -27 6 0
-26 -2 19 0
34 7 24 0
-9 20 -22 0
-35 2 6 0
20 -21 -12 0
34 2 3 0
21 -39 -22 0
14 25 -21 0
-6 3 -33 0
27 38 23 0
-25 -40 -18 0
10 6 -34 0
-36 -12 16 0
-35 -36 23 0
27 40 12 0
28 -1 15 0
21 8 -20 0
-31 -4 9 0
-4 19 11 0
-13 2 39 0
-8 37 30 0
-36 -4 32 0
36 -33 21 0
-7 -40 25 0
-10 40 37 0
-40 38 -11 0
11 -3 4 0
27 37 -19 0
21 9 -33 0
35 29 21 0
8 -21 -13 0
20 -31 18 0
-3 29 -23 0
20 -27 18 0
9 33 -15 0
-29 -23 -35 0
-1 39 -26 0
15 -35 21 0
-10 -37 33 0
27 4 -22 0
-19 -25 -38 0
37 -36 -4 0
34 -11 -40 0
-3 -29 -2 0
-13 -29 21 0
-3 -35 10 0
-31 32 -7 0
18 14 -40 0
-14 30 -33 0
-23 30 -25 0
1 30 22 0
15 -32 3 0
18 37 17 0
-36 -2 34 0
-5 35 -30 0
18 21 16 0
39 -25 38 0
-24 -11 5 0
6 9 35 0
36 32 -26 0
-25 33 -24 0
-20 -5 4 0
-33 -3 7 0
-11 -30 -5 0
36 -1 -19 0
35 -26 -18 0
-32 -10 -28 0
29 28 -11 0
38 28 -12 0
-10 -25 40 0
16 33 10 0
-13 -5 -26 0
-30 7 34 0
25 20 34 0
-32 -22 23 0
34 27 21 0
-4 -16 24 0
-34 -6 -12 0
34 20 13 0
-28 -24 -25 0
-5 36 26 0
-25 -11 23 0
13 -11 -16 0
-38 34 15 0
-9 -4 -33 0
22 -32 29 0
2 5 -28 0
-33 -3 -23 0
-18 1 28 0
18 -26 9 0
-10 -16 13 0
-25 37 -11 0
9 -37 -21 0
29 21 -18 0
2 24 23 0
-20 -9 -7 0
-8 30 -37 0
-40 -14 8 0
-13 -39 23 0
39 -8 13 0
-10 31 11 0
12 -27 -26 0
-25 -4 29 0
-22 -31 29 0
-10 23 4 0
36 9 5 0
-32 -20 8 0
10 -27 -17 0
-40 -16 32 0
9 36 14 0
1 35 -29 0
24 26 -23 0
27 19 7 0
22 34 29 0
27 -15 -29 0
4 14 -13 0
8 2 18 0
-34 -11 40 0
18 -37 -29 0
-22 -17 -31 0
30 -35 -32 0
-11 27 12 0
-18 6 17 0
-31 -28 22 0
-15 28 -24 0
31 -39 13 0
-6 -2 -30 0
15 4 -24 0
-32 20 6 0
14 -16 -17 0
32 -15 -30 0
-27 -32 2 0
-28 -17 30 0
-12 19 -26 0
-8 39 33 0
-20 -8 38 0
4 -2 -22 0
1 5 35 0
13 38 7 0
