c instance by G2
c solution = 10111100000000010110011100011001010111010110100111
c Known solution cost is 12118 
p cnf 50 200
w 810 720 141 51 591 527 938 243 459 191 938 735 890 520 906 65 71 718 115 590 530 440 368 868 203 686 454 223 310 199 694 814 90 717 217 174 830 807 906 776 629 64 709 346 262 22 920 579 994 165
38 15 -1 0
-19 12 -41 0
-23 3 -43 0
-15 -17 14 0
11 -20 -6 0
13 -46 -42 0
33 -9 38 0
4 -26 -32 0
-28 -8 33 0
-6 -3 19 0
37 33 -21 0
24 -18 41 0
50 30 16 0
-39 -4 -27 0
13 -20 43 0
42 -23 17 0
18 -43 15 0
-22 23 -32 0
-41 15 -45 0
31 -9 -5 0
-46 -42 39 0
-49 41 32 0
19 50 -41 0
48 33 -35 0
-1 2 49 0
-4 -45 -26 0
-39 -27 9 0
3 -40 48 0
18 -19 38 0
-3 -25 -44 0
-19 -44 12 0
-2 -49 20 0
-12 -6 -32 0
12 8 -47 0
-41 48 -31 0
-26 -24 49 0
17 22 -20 0
-4 39 28 0
4 -13 -22 0
47 -43 49 0
-38 -11 -15 0
-27 2 21 0
23 -31 -10 0
-33 -2 25 0
42 -5 -24 0
23 -33 40 0
47 44 -17 0
-11 30 -38 0
-21 18 48 0
-50 44 24 0
11 -10 4 0
20 43 -48 0
8 -25 27 0
18 3 31 0
36 -10 -15 0
25 -41 -26 0
41 -18 6 0
42 17 48 0
32 -23 -39 0
-25 -45 33 0
9 -22 38 0
1 -34 -31 0
14 -35 -45 0
-20 -37 27 0
-32 -17 27 0
12 -11 2 0
13 -25 36 0
40 4 -22 0
-46 42 -12 0
12 45 2 0
13 46 49 0
40 -49 -33 0
30 -7 -24 0
48 42 14 0
36 19 -18 0
-21 4 -13 0
50 10 20 0
13 9 37 0
-43 -10 -38 0
-38 -31 12 0
-37 -8 -41 0
-16 50 -5 0
-32 34 37 0
-33 14 1 0
-44 22 4 0
4 -18 -36 0
-31 -13 -45 0
-41 -18 44 0
-13 -23 -3 0
28 18 31 0
4 48 16 0
-10 -20 7 0
13 30 -47 0
24 47 -13 0
47 -25 15 0
9 -25 48 0
-33 28 48 0
-23 -4 -26 0
-12 19 -35 0
-48 -37 22 0
48 16 -23 0
-40 -6 -13 0
17 -6 -2 0
-10 30 -11 0
49 -22 -37 0
5 18 -30 0
32 -42 -18 0
23 -37 -6 0
38 37 40 0
7 3 12 0
46 8 37 0
-12 27 -15 0
8 32 24 0
-6 -23 -39 0
25 43 -45 0
1 -5 -3 0
-12 -50 -26 0
38 -24 10 0
31 -49 36 0
-8 24 22 0
-20 48 -49 0
-20 7 14 0
41 29 -7 0
-35 15 -6 0
-36 -44 46 0
-19 36 23 0
-9 -13 41 0
-30 13 38 0
33 -20 47 0
25 49 -19 0
-11 40 -37 0
-2 42 -19 0
4 -6 -12 0
40 33 36 0
14 11 -35 0
39 -36 -31 0
34 41 20 0
-42 38 -37 0
-37 -5 32 0
48 16 12 0
-15 2 43 0
40 -42 -11 0
46 43 25 0
28 14 25 0
-18 -1 16 0
28 44 -16 0
-29 5 9 0
-24 22 2 0
-1 -20 -38 0
26 17 -9 0
9 -3 5 0
1 47 25 0
45 -6 -12 0
31 46 -9 0
4 44 50 0
44 -15 2 0
-42 -21 -38 0
49 12 14 0
-3 -24 -41 0
-24 -48 6 0
-29 -9 18 0
8 39 -12 0
13 -20 41 0
-40 -10 -49 0
-22 -21 47 0
24 18 -46 0
-41 -43 -10 0
32 -38 22 0
-34 -28 18 0
31 12 -25 0
-13 9 -27 0
3 12 -27 0
25 36 -7 0
-24 -37 -39 0
-17 -10 -25 0
-19 36 -41 0
11 48 -5 0
34 -37 -1 0
25 29 -16 0
-44 -11 -43 0
7 1 -13 0
25 -38 -7 0
9 -26 17 0
-13 46 9 0
48 -49 -22 0
-33 -42 -43 0
45 50 -41 0
15 -3 23 0
23 -16 27 0
33 -29 40 0
1 -32 -44 0
-47 29 11 0
8 47 -14 0
-12 35 -11 0
-30 -34 27 0
10 40 37 0
-46 -34 -32 0
24 31 50 0
2 -12 -40 0
-46 -9 -50 0
