c instance by G2
c solution = 101111000000000101100111000110010101110101101001111111110110
c Known solution cost is 17732 
p cnf 60 240
w 354 874 46 266 492 647 284 738 712 105 288 309 583 864 948 842 433 573 846 753 717 815 873 421 192 79 552 764 153 729 336 366 901 105 193 15 680 716 635 800 596 880 163 350 779 736 250 594 681 925 458 379 645 282 461 277 955 514 920 872
47 33 -15 0
56 -20 -7 0
12 -6 -26 0
-24 21 29 0
-12 14 2 0
56 26 7 0
-58 -3 1 0
-34 -9 -29 0
-37 50 -51 0
-41 -52 8 0
-11 -20 27 0
-15 18 -25 0
-3 -14 -35 0
34 19 -2 0
-20 30 15 0
-46 30 27 0
57 -31 20 0
47 -37 56 0
-32 53 -24 0
-17 57 -16 0
-5 -36 -13 0
-15 -8 -17 0
1 7 41 0
3 -13 -4 0
54 -33 -53 0
-17 -51 -58 0
-48 30 18 0
-48 38 7 0
11 42 -52 0
-60 -58 -53 0
-10 -5 -48 0
50 25 60 0
-47 6 -38 0
14 49 -35 0
16 -57 -18 0
26 -23 38 0
-31 58 34 0
-15 45 6 0
-1 -53 29 0
-28 7 51 0
18 52 -11 0
-25 20 -45 0
4 -22 25 0
-3 24 31 0
28 -24 -58 0
32 36 3 0
37 31 -18 0
-9 -43 -37 0
-3 27 24 0
9 55 23 0
-41 -39 15 0
18 43 -5 0
-6 1 -14 0
-6 -11 26 0
31 -9 36 0
30 -5 -57 0
-31 5 52 0
52 -46 22 0
57 58 28 0
-56 38 41 0
49 -35 -59 0
14 34 -13 0
-17 -56 -42 0
-53 36 19 0
-52 29 -42 0
-25 -40 -24 0
43 -23 18 0
58 2 -49 0
-29 -36 -9 0
-7 -37 -35 0
43 24 58 0
-58 43 46 0
60 57 -8 0
-22 18 26 0
-12 -32 52 0
-13 33 -11 0
-59 -19 -44 0
41 -45 -31 0
33 1 -20 0
41 14 34 0
-44 9 20 0
28 41 -20 0
-16 33 -60 0
48 -21 32 0
39 -9 -57 0
-51 49 -28 0
-22 -28 -31 0
-32 12 23 0
25 26 -30 0
4 44 -25 0
-28 38 -29 0
22 26 -50 0
-10 55 -23 0
-23 -15 -25 0
26 37 51 0
-55 59 26 0
35 -9 -30 0
46 57 36 0
13 -41 14 0
38 -20 13 0
55 18 -28 0
-57 -1 35 0
3 -12 7 0
-8 2 -13 0
-41 -21 28 0
-5 -6 -25 0
17 36 -54 0
21 -33 -55 0
32 -47 9 0
-26 -1 -51 0
50 41 37 0
60 -10 -38 0
21 59 -53 0
25 -32 -47 0
-40 -58 -21 0
-12 43 -10 0
16 -50 20 0
35 4 52 0
14 -2 22 0
-11 50 53 0
-35 12 15 0
-52 32 -13 0
-26 29 54 0
-24 -49 -57 0
-11 60 5 0
28 -24 29 0
-55 -29 56 0
46 -52 45 0
54 10 15 0
-34 -2 35 0
-55 -50 4 0
50 -53 -24 0
-9 55 58 0
-30 -50 -40 0
1 -18 57 0
14 -4 -21 0
-26 -45 35 0
-57 25 -9 0
-59 43 10 0
-24 -5 32 0
60 3 17 0
-19 -22 58 0
-14 -19 2 0
-40 19 60 0
6 -14 -33 0
54 55 -8 0
-17 30 -42 0
-16 52 7 0
2 17 34 0
-22 34 27 0
-53 41 -39 0
39 -26 50 0
-45 28 38 0
-39 -15 44 0
33 -29 4 0
-39 -1 2 0
-45 40 -14 0
45 -59 -33 0
-30 -49 -14 0
42 3 -50 0
18 -31 28 0
31 -59 3 0
59 13 -36 0
47 31 59 0
-42 -50 -20 0
-50 14 18 0
-15 30 -29 0
-35 -32 -31 0
46 -35 -28 0
-8 -34 52 0
39 48 57 0
-29 -7 -30 0
47 -11 -53 0
41 56 -50 0
29 -47 21 0
24 3 -29 0
-24 7 6 0
-29 -32 -8 0
21 10 50 0
-56 43 -29 0
-23 33 24 0
-28 -33 9 0
-13 -1 -3 0
-7 -38 34 0
59 11 7 0
28 -51 -40 0
14 56 38 0
15 -50 -8 0
-45 58 16 0
1 8 42 0
25 35 40 0
-44 -53 41 0
-11 23 12 0
39 55 -49 0
-44 2 -8 0
52 20 -32 0
-23 -52 32 0
40 46 -53 0
-7 -26 -12 0
48 -12 39 0
-22 -28 -13 0
-2 -22 -50 0
27 14 -26 0
-48 43 56 0
-39 25 -28 0
12 28 47 0
-53 22 26 0
-56 38 58 0
-32 36 -48 0
-31 40 44 0
37 53 -27 0
2 4 53 0
42 14 35 0
47 24 1 0
57 17 53 0
-57 -2 -16 0
-29 1 48 0
-7 58 36 0
17 -25 -55 0
-53 39 -7 0
-39 -60 48 0
5 35 -51 0
-45 24 11 0
-26 5 29 0
-47 10 -37 0
-41 -50 -37 0
49 -45 46 0
-42 -33 13 0
27 -28 -8 0
48 10 -45 0
3 38 43 0
51 -47 -40 0
29 5 -41 0
-27 -1 -48 0
-60 48 -14 0
-48 -47 22 0
2 38 13 0
57 -19 -11 0
47 21 -2 0
48 11 32 0
