c instance by G2
c solution = 101111000000000101100111000110
c Known solution cost is 5673 
p cnf 30 120
w 198 516 1000 473 615 781 944 459 289 505 313 918 355 707 562 477 722 259 253 911 395 909 250 83 229 814 8 1 374 153
-7 -29 -24 0
12 -6 -26 0
-7 -26 -12 0
25 5 10 0
-21 -26 -24 0
23 17 26 0
-19 -22 28 0
-17 -21 -28 0
30 -7 -28 0
-7 -8 4 0
24 3 -29 0
-6 -9 -18 0
-23 -15 -25 0
1 -18 27 0
28 -21 -10 0
5 21 20 0
4 -22 25 0
4 19 -2 0
-26 13 -29 0
-6 -1 -10 0
3 -13 -4 0
-11 -22 8 0
-25 -20 4 0
11 20 -14 0
8 -20 13 0
24 25 -8 0
9 -26 20 0
-29 -30 13 0
-11 20 23 0
-26 5 29 0
-26 29 24 0
-27 -2 -16 0
9 25 23 0
13 10 -21 0
-29 -7 -30 0
-29 -18 22 0
28 11 -20 0
-27 25 -9 0
15 19 20 0
-17 27 -16 0
30 4 -18 0
17 30 1 0
-20 15 -18 0
-6 -1 -7 0
-15 30 -29 0
1 8 12 0
-21 19 -28 0
-9 25 28 0
6 -14 -3 0
27 -28 -8 0
-22 29 -12 0
-14 -23 11 0
-10 -2 14 0
-1 5 22 0
-16 -8 25 0
-12 13 -10 0
-11 -24 21 0
27 17 23 0
-8 2 -13 0
-1 28 4 0
-25 -24 26 0
27 14 -26 0
-15 28 16 0
18 -23 25 0
6 -19 -24 0
2 -24 3 0
14 4 -13 0
-13 3 -11 0
-12 -3 13 0
-11 -20 27 0
30 -5 -27 0
-9 25 -28 0
-3 -14 -5 0
17 1 29 0
-7 3 -23 0
12 3 -20 0
30 3 -6 0
18 13 -5 0
18 11 2 0
8 14 24 0
2 -17 9 0
-22 4 27 0
-6 -8 2 0
13 24 28 0
-16 22 7 0
-6 25 29 0
-23 -3 16 0
18 10 -15 0
28 -19 -5 0
5 -9 -30 0
-17 6 -8 0
-3 27 24 0
16 -27 -18 0
-15 -8 -17 0
28 -24 29 0
-5 -2 -1 0
-11 -21 28 0
-11 23 12 0
-27 21 -28 0
4 14 -25 0
3 1 -20 0
-2 -6 30 0
-17 30 -12 0
-14 9 20 0
18 -12 9 0
17 -12 10 0
24 -3 -23 0
11 1 21 0
20 -26 15 0
29 11 7 0
-30 -20 -10 0
16 -3 2 0
-15 8 -6 0
13 -17 -5 0
-10 -5 -18 0
23 15 19 0
14 19 -5 0
15 -3 -13 0
29 13 -6 0
-29 1 18 0
