c instance by G2
c solution = 0101000000010111010110101011110010101100
c Known solution cost is 9691 
p cnf 40 80
w 762 851 677 479 763 737 391 224 735 416 191 654 482 612 889 529 77 937 844 330 521 838 227 367 566 505 98 108 908 153 258 761 544 224 954 157 111 220 243 340
-39 -10 -6 0
-8 5 -25 0
-30 7 -40 0
10 -34 -20 0
-5 10 15 0
-6 -10 23 0
-19 39 6 0
27 -4 31 0
6 29 5 0
7 21 -38 0
-39 8 34 0
-23 18 -30 0
-18 -17 -38 0
-18 35 1 0
-20 -36 34 0
-5 -30 22 0
17 -22 -14 0
-10 2 -22 0
2 20 29 0
-4 -36 35 0
27 2 32 0
36 -12 37 0
-25 -26 10 0
4 -30 -13 0
22 -2 -3 0
-31 -2 -12 0
21 -38 30 0
29 6 -20 0
-21 4 -25 0
27 8 -33 0
30 -23 13 0
-12 16 -7 0
23 -4 -9 0
-27 -3 26 0
11 17 33 0
-26 17 4 0
16 39 -38 0
25 -16 -35 0
27 -1 28 0
21 -4 33 0
-13 -38 -11 0
-31 -27 -28 0
-22 -25 37 0
13 7 28 0
36 -33 -6 0
39 4 35 0
-9 11 3 0
22 -21 2 0
-35 -21 -7 0
29 -4 20 0
-18 38 5 0
21 -12 -14 0
10 36 -22 0
15 17 -12 0
-18 -21 -22 0
-37 -28 -34 0
40 -10 7 0
-13 10 -12 0
20 11 -28 0
32 -1 36 0
31 -5 -16 0
26 39 12 0
10 -11 -38 0
-28 -11 37 0
-35 -38 4 0
30 -16 -27 0
4 24 -39 0
-4 1 -24 0
-32 -20 14 0
31 -32 26 0
-10 40 -38 0
-5 18 -20 0
23 -20 3 0
-1 -36 31 0
-16 4 13 0
37 20 16 0
4 19 -3 0
-15 33 7 0
22 -14 -8 0
14 -28 26 0
