c instance by G2
c solution = 0101000000010111010110101011110010101100111100101110010011000011111001001011110001100100100010101111
c Known solution cost is 25823 
p cnf 100 200
w 985 373 50 921 898 628 392 138 786 633 369 217 791 853 937 385 994 576 483 852 47 711 691 185 577 411 232 191 823 89 50 335 637 158 473 439 960 158 616 991 113 911 280 645 794 318 592 419 411 185 199 590 876 819 345 611 310 413 368 770 666 337 822 884 4 276 635 939 136 91 561 228 999 89 956 95 261 76 841 666 354 850 984 301 733 539 617 392 628 373 581 636 706 590 123 581 627 520 128 749
-53 59 -5 0
79 34 51 0
-70 64 53 0
48 52 97 0
65 -38 -31 0
67 -5 40 0
-35 -11 60 0
59 84 95 0
-24 -16 54 0
48 -63 95 0
-95 51 77 0
45 36 77 0
-21 -31 -25 0
-17 8 -79 0
-22 10 79 0
-39 -90 -6 0
63 -2 -82 0
72 -75 30 0
-20 -40 49 0
42 20 9 0
-47 -30 -91 0
-45 98 -67 0
57 61 -58 0
53 -95 -79 0
-97 48 -22 0
-88 -11 97 0
-13 44 -46 0
-85 -99 -89 0
9 -93 28 0
-96 32 5 0
-18 -20 -94 0
44 -27 -73 0
58 68 3 0
50 -58 -6 0
7 -51 54 0
-86 -71 -57 0
-50 91 73 0
-75 73 67 0
-61 84 -25 0
86 30 39 0
-40 -68 46 0
37 80 76 0
-28 -82 -62 0
76 72 78 0
27 -64 51 0
59 -78 47 0
43 71 -36 0
3 -59 74 0
-21 -7 88 0
-92 -40 14 0
-87 -83 66 0
-76 -5 1 0
69 79 15 0
76 -67 -74 0
-73 -65 -45 0
-25 72 -19 0
50 8 -27 0
-76 86 -67 0
96 86 -68 0
-70 -55 81 0
-83 21 -27 0
41 -72 -74 0
-50 68 -94 0
4 79 -83 0
3 -67 -46 0
3 -64 -9 0
-46 -70 3 0
16 -86 56 0
-51 99 5 0
-46 97 44 0
-6 -4 68 0
-51 -79 -37 0
65 59 94 0
42 -49 6 0
-87 -20 11 0
-21 29 69 0
60 -86 -40 0
-24 11 62 0
11 -100 99 0
18 81 -33 0
26 24 -81 0
-3 -25 59 0
-32 14 46 0
-90 -19 -87 0
-71 -66 79 0
38 -98 68 0
66 13 9 0
32 -36 24 0
26 -29 -87 0
34 49 68 0
25 -98 88 0
-50 -51 14 0
3 -43 -60 0
63 70 78 0
-93 -38 -71 0
18 -63 30 0
26 -10 -15 0
-74 -2 92 0
-28 87 38 0
5 91 54 0
20 22 96 0
69 89 -70 0
-63 38 -12 0
-66 87 -26 0
-45 11 -86 0
-87 46 31 0
-18 4 -98 0
-96 78 -10 0
-86 3 -69 0
-89 67 -95 0
55 -41 29 0
-96 -33 39 0
-36 68 -31 0
-47 61 -13 0
41 -4 13 0
-84 49 -59 0
6 -53 94 0
-25 -83 -61 0
-48 10 63 0
75 92 61 0
43 -78 84 0
31 -54 -80 0
4 40 39 0
-12 -29 37 0
49 -43 42 0
97 -14 9 0
57 -2 -43 0
70 -54 -20 0
-45 38 -80 0
-49 72 23 0
-63 82 -19 0
-1 -98 55 0
-48 53 42 0
53 85 30 0
23 -24 55 0
27 55 45 0
22 92 -52 0
-5 -12 25 0
-77 72 -46 0
-1 54 -75 0
90 64 -83 0
90 -70 -88 0
-89 69 70 0
-50 7 98 0
11 -42 82 0
42 63 95 0
-82 36 -92 0
-32 -37 -16 0
-70 -72 71 0
-98 -46 -87 0
6 -51 2 0
27 -16 62 0
-69 60 -76 0
41 -18 90 0
-43 -49 -34 0
94 43 -93 0
-75 13 100 0
-21 94 76 0
84 78 -12 0
48 36 33 0
68 89 90 0
91 -8 52 0
-48 92 39 0
-58 -5 90 0
67 42 32 0
-51 -62 -72 0
-30 -38 67 0
40 -39 -97 0
20 -32 -2 0
89 6 -40 0
-28 37 61 0
-16 11 -90 0
-10 -99 -63 0
-27 -82 12 0
38 -50 -95 0
24 -10 -33 0
-82 -84 -35 0
-84 -56 55 0
62 -9 -12 0
89 -24 80 0
-22 -25 97 0
-32 -92 -38 0
-68 -14 36 0
-61 9 -51 0
41 72 -63 0
-16 24 33 0
82 -94 -88 0
-21 93 -75 0
13 -88 -97 0
35 19 1 0
-42 89 -61 0
83 69 -54 0
-85 90 95 0
-44 16 -41 0
30 36 -22 0
-47 -17 -2 0
-37 83 -58 0
81 20 79 0
-61 -60 -54 0
60 -56 -99 0
