c instance by G2
c solution = 010100000001011101011010101111001010110011110010111001001100
c Known solution cost is 17316 
p cnf 60 120
w 493 996 440 555 541 374 707 872 275 814 361 821 569 925 611 668 237 516 17 648 736 120 820 843 549 755 668 657 19 101 343 32 398 524 260 128 462 261 671 723 98 768 617 840 775 997 337 960 386 648 933 510 72 663 254 820 649 706 127 440
9 35 -29 0
-30 -33 -8 0
-44 -9 -6 0
-35 -3 6 0
-16 15 -38 0
57 -47 9 0
-40 -34 16 0
-43 46 -52 0
13 31 -32 0
-30 3 -53 0
-23 28 -29 0
36 17 54 0
48 8 27 0
4 -6 -5 0
6 -16 47 0
32 18 45 0
-38 -6 -43 0
58 -20 47 0
-53 -49 40 0
-60 -50 -18 0
14 -43 42 0
-7 -54 36 0
-23 53 -52 0
50 59 26 0
5 15 -51 0
-5 -25 23 0
-24 53 -28 0
11 43 -37 0
-22 -52 -26 0
-27 -59 5 0
-45 57 -41 0
19 -43 -46 0
29 5 -47 0
-34 49 23 0
-40 -38 -11 0
36 -47 50 0
22 38 10 0
-50 34 25 0
46 12 51 0
-4 20 -45 0
-23 -13 -41 0
6 52 30 0
-44 -11 9 0
24 33 21 0
6 -60 -32 0
47 -55 -18 0
14 -35 -12 0
-20 14 -32 0
2 52 19 0
1 -37 -8 0
-14 -8 30 0
10 -23 4 0
16 -43 -37 0
45 -55 -30 0
53 -34 -2 0
2 -50 5 0
41 53 8 0
30 18 50 0
21 6 45 0
-10 -6 48 0
-26 13 -37 0
-49 -16 -1 0
24 55 30 0
-31 -12 -23 0
20 16 3 0
-26 -7 -8 0
-38 49 11 0
38 -32 16 0
-31 17 44 0
-60 39 22 0
13 47 -24 0
44 -5 17 0
18 22 52 0
-32 -34 2 0
-4 15 7 0
-45 -43 -50 0
45 -52 10 0
-3 50 -58 0
-10 42 30 0
19 17 12 0
46 -8 -32 0
58 -47 -56 0
53 39 -5 0
39 -48 5 0
-43 -23 58 0
6 42 -15 0
32 -42 33 0
27 18 57 0
55 -9 -47 0
10 35 -36 0
-49 6 -40 0
40 44 32 0
40 7 -10 0
48 -51 -6 0
54 46 -25 0
35 25 -30 0
-18 -11 9 0
-27 -34 -41 0
-55 -13 -53 0
-46 56 36 0
-57 23 -20 0
57 4 47 0
16 -42 -15 0
-4 -17 36 0
21 -18 -1 0
51 -12 -33 0
18 -10 -57 0
59 -39 -42 0
-54 -20 -59 0
3 -56 -42 0
-50 1 20 0
-19 -37 -57 0
-50 1 -36 0
37 10 -4 0
48 -22 -33 0
40 49 29 0
-6 -49 60 0
40 -57 -24 0
-51 -17 37 0
7 -23 -1 0
