c instance by G2
c solution = 0101000000010111010110101011110010101100111100101110010011000011111001
c Known solution cost is 18287 
p cnf 70 140
w 947 600 208 927 965 679 34 77 243 322 892 547 634 306 402 894 615 207 51 217 654 270 411 281 444 260 731 399 332 890 902 443 261 563 158 267 535 930 68 403 649 403 635 474 795 803 943 65 264 377 709 251 55 628 682 849 972 95 902 82 589 490 185 283 341 607 559 594 509 318
-63 29 -5 0
-40 6 42 0
-21 4 -45 0
8 -53 60 0
-2 50 9 0
-8 4 -48 0
-42 27 -25 0
-40 -15 36 0
-58 54 46 0
-36 -41 31 0
-37 13 -24 0
17 18 48 0
47 -34 59 0
-29 -10 -6 0
4 -23 53 0
-17 -53 26 0
-48 -36 -17 0
51 -58 50 0
30 -25 45 0
-30 47 -66 0
19 -3 39 0
27 42 2 0
29 24 35 0
-15 42 48 0
60 66 -32 0
-5 43 7 0
-11 -50 -4 0
41 -45 -55 0
-25 -53 60 0
41 6 9 0
-17 53 48 0
-45 -12 -35 0
-41 43 -37 0
-20 28 -34 0
-24 -6 5 0
5 28 -29 0
-22 44 56 0
-59 5 -29 0
-6 7 24 0
32 3 35 0
53 -56 9 0
-42 65 22 0
-11 -44 -50 0
33 -24 55 0
-16 -61 -57 0
-38 -48 -25 0
-8 60 3 0
6 26 44 0
-2 -52 -38 0
66 -36 46 0
-65 70 35 0
-30 14 13 0
-46 54 63 0
-16 -60 43 0
38 -21 62 0
-16 -61 -51 0
67 50 6 0
57 68 -65 0
-8 -51 -64 0
70 -44 -60 0
-7 -57 39 0
-48 -31 37 0
20 -3 53 0
63 -4 -19 0
-9 61 -54 0
19 20 -4 0
-70 -23 15 0
37 62 10 0
-38 43 22 0
-41 63 68 0
49 48 -33 0
-32 -12 59 0
32 40 29 0
-21 64 32 0
45 -13 -58 0
32 -67 33 0
-31 61 62 0
36 2 38 0
-33 24 -46 0
31 2 -44 0
27 -24 11 0
44 9 -13 0
13 70 28 0
-62 -4 -28 0
-10 9 -29 0
49 -14 50 0
-66 25 13 0
-3 -68 -51 0
-45 18 -7 0
32 -26 45 0
5 41 4 0
31 56 -22 0
14 8 -21 0
68 35 46 0
4 -40 -53 0
-60 40 9 0
53 37 -63 0
-55 8 26 0
-56 28 -61 0
-58 -27 12 0
-2 -40 64 0
39 51 3 0
-39 -47 -49 0
52 -6 -15 0
-46 -20 59 0
29 -58 -30 0
-22 26 -67 0
7 65 45 0
21 -51 6 0
-31 24 -45 0
-3 8 -52 0
-65 38 -50 0
-56 48 -20 0
18 -10 -68 0
7 52 -68 0
-21 -5 -15 0
9 66 -10 0
23 36 -63 0
66 -30 -65 0
-55 -10 42 0
21 -34 63 0
-51 -34 10 0
22 -12 -52 0
-11 9 29 0
-41 -56 11 0
-18 27 10 0
56 -21 58 0
30 62 26 0
66 39 -63 0
-17 -45 -13 0
16 -28 60 0
-57 -51 -69 0
-20 1 70 0
-13 -5 -45 0
-68 64 -43 0
-28 61 12 0
5 67 -70 0
70 -8 -6 0
-1 5 -30 0
59 -19 13 0
