c instance by G2
c solution = 010100000001011101011010101111001010110011110010111001001100001111100100101111000110010010
c Known solution cost is 19290 
p cnf 90 180
w 418 600 119 146 815 328 467 210 967 618 524 334 61 965 951 223 722 462 733 250 473 507 199 566 275 924 97 513 380 46 832 95 579 60 937 196 874 565 544 973 78 312 534 205 691 559 469 601 80 365 11 561 696 138 997 389 704 994 430 510 902 43 526 467 749 591 165 311 706 56 269 41 66 390 243 747 88 330 432 427 885 557 998 240 500 659 332 611 289 724
-3 32 -70 0
14 -35 47 0
-70 -36 18 0
56 -41 23 0
-47 52 33 0
-16 26 66 0
-79 88 -73 0
-29 27 -80 0
-42 15 19 0
49 -65 60 0
14 -38 -33 0
-68 -6 -43 0
-4 79 83 0
90 48 20 0
-13 46 -22 0
-16 15 -68 0
88 -47 -26 0
-45 31 -42 0
86 39 74 0
73 47 -54 0
66 31 26 0
56 73 74 0
36 13 -90 0
-50 -85 53 0
-68 -82 59 0
90 -21 35 0
-81 -17 37 0
52 57 84 0
53 8 78 0
-56 -29 -21 0
24 -8 38 0
25 40 69 0
-63 20 -88 0
5 31 50 0
49 39 61 0
-62 -4 32 0
-25 -73 -53 0
43 65 73 0
50 16 3 0
-39 -41 -43 0
89 -80 -56 0
3 -43 -81 0
-70 -64 16 0
-65 18 80 0
-40 9 80 0
20 48 -66 0
-14 -39 -6 0
-20 76 59 0
-35 62 -40 0
10 63 36 0
69 -4 -71 0
-87 -43 9 0
71 -8 7 0
-5 7 19 0
41 64 -50 0
10 12 36 0
-41 28 88 0
-67 1 -74 0
62 78 45 0
-2 -85 8 0
-35 -5 6 0
-39 -7 -64 0
36 -26 -51 0
48 -81 -6 0
-2 72 -17 0
10 75 31 0
-30 -86 -61 0
82 -89 71 0
-48 46 -42 0
16 -72 -75 0
-54 -80 -89 0
52 30 22 0
-64 15 37 0
-37 -28 43 0
-53 -37 56 0
13 21 -29 0
-15 27 -11 0
-70 71 -74 0
62 22 -72 0
62 6 -61 0
8 26 54 0
6 -90 -62 0
49 -51 -90 0
27 64 17 0
-87 -64 -11 0
-62 32 -43 0
48 58 -21 0
54 16 -55 0
61 2 -62 0
39 16 -73 0
23 22 61 0
19 -58 67 0
9 -43 63 0
64 8 -44 0
-64 20 -15 0
26 -76 -9 0
1 41 -49 0
23 -73 -37 0
48 -40 -57 0
-70 -68 -41 0
-54 37 71 0
-66 -37 47 0
64 -87 -80 0
74 -73 12 0
-46 1 -27 0
48 33 51 0
-30 -33 -8 0
-59 48 88 0
31 -56 -86 0
17 38 72 0
-22 -18 45 0
-66 64 -22 0
-8 37 45 0
89 74 6 0
68 -13 45 0
-72 35 -81 0
-80 44 -62 0
48 -74 -58 0
59 -24 -17 0
8 -32 16 0
-60 69 82 0
77 -82 13 0
40 49 89 0
-46 48 88 0
-53 -11 -5 0
5 25 -90 0
81 -52 45 0
-82 -52 -56 0
-89 -29 -36 0
67 -53 -31 0
-7 6 9 0
31 29 32 0
27 24 -28 0
-61 17 14 0
27 18 87 0
-25 -32 60 0
-89 32 44 0
-29 -73 49 0
70 89 -12 0
58 -20 47 0
63 39 26 0
65 -4 -52 0
66 61 64 0
76 -68 -32 0
84 85 30 0
-10 -82 -15 0
54 3 51 0
-6 -15 36 0
21 -18 -1 0
40 35 -36 0
-60 63 -83 0
32 -6 -83 0
-24 85 69 0
-77 71 -34 0
74 -55 -77 0
53 -29 -55 0
-28 -2 83 0
64 -66 -35 0
90 -60 -57 0
-44 -69 -58 0
65 -57 13 0
-52 -68 -8 0
13 -80 84 0
-90 -8 -7 0
-23 42 -67 0
62 82 79 0
-35 -85 53 0
4 11 72 0
70 -58 -27 0
-11 -20 39 0
72 -15 51 0
-84 83 -88 0
-14 -8 60 0
-31 -89 -83 0
68 -1 36 0
2 -41 71 0
19 -88 -15 0
48 -79 53 0
-84 -2 52 0
48 -19 26 0
