c instance by G2
c solution = 01010000000101110101101010111100101011001111001011
c Known solution cost is 9619 
p cnf 50 100
w 895 86 116 130 106 39 36 365 900 338 905 531 661 337 359 506 516 660 512 53 742 585 456 630 150 269 309 360 290 76 637 958 779 805 435 490 358 963 411 182 532 19 287 49 488 643 3 342 582 567
-33 -38 -11 0
-30 -21 -46 0
-11 32 46 0
-29 26 27 0
12 11 -50 0
-13 1 36 0
9 39 -24 0
-20 -39 -40 0
40 2 6 0
45 43 21 0
-6 18 -50 0
-9 -46 -20 0
-22 -25 23 0
-23 42 13 0
-18 -20 -22 0
-25 35 -37 0
42 30 -3 0
-25 41 1 0
-30 17 42 0
8 -48 3 0
-27 20 -4 0
48 23 10 0
-18 -32 -42 0
-45 -27 -37 0
43 -42 47 0
9 7 38 0
-32 19 -20 0
1 24 -10 0
-35 29 26 0
5 -8 45 0
-18 -1 -12 0
7 50 -20 0
13 -48 3 0
24 -26 -21 0
45 -27 12 0
10 -23 30 0
-22 -46 47 0
16 -32 14 0
5 -7 -27 0
47 -11 34 0
49 -44 24 0
18 -39 -29 0
2 1 -37 0
3 -29 -31 0
42 41 -18 0
44 32 -12 0
44 27 -14 0
-5 -43 9 0
-18 -4 14 0
11 -17 8 0
4 -30 -47 0
28 50 -8 0
-25 37 30 0
-10 -7 -35 0
-48 18 -13 0
-45 13 20 0
47 -16 5 0
17 -34 -6 0
-38 -18 4 0
-28 -33 -3 0
-30 46 -1 0
42 13 -37 0
-20 -27 -36 0
40 41 -4 0
5 20 -41 0
33 41 -22 0
-23 -6 24 0
5 -8 21 0
1 -37 -34 0
-36 -46 28 0
-24 42 20 0
-38 30 36 0
28 -30 -25 0
25 -41 6 0
-40 45 -12 0
14 -12 46 0
36 15 -21 0
-20 -9 -14 0
-6 -13 38 0
30 -45 38 0
34 37 -49 0
-4 46 21 0
-12 17 -31 0
-33 -39 11 0
47 4 29 0
49 32 -44 0
32 -22 -25 0
18 13 26 0
33 -44 46 0
-32 -10 46 0
17 -15 -10 0
-13 -21 -26 0
-5 -28 -41 0
16 -25 7 0
41 -37 -33 0
-24 8 -16 0
3 -10 13 0
24 43 -16 0
22 -19 -28 0
-32 -8 34 0
