c instance by G2
c solution = 01010000000101110101101010111100101011001111001011100100110000111110010010111100
c Known solution cost is 18932 
p cnf 80 160
w 465 247 230 637 493 82 336 887 83 721 243 575 294 918 220 160 449 548 363 738 891 490 532 805 82 348 552 493 3 850 7 168 604 351 477 505 765 275 713 650 292 356 30 824 872 957 703 356 484 24 709 45 462 80 74 363 951 377 656 535 851 988 689 349 257 35 834 226 54 411 15 262 568 643 88 390 390 524 83 12
66 -5 50 0
30 -18 -46 0
-58 28 -66 0
-25 37 60 0
-8 52 79 0
-27 -16 28 0
-40 59 -43 0
-28 -11 46 0
-34 76 32 0
37 -21 4 0
20 22 -25 0
32 65 -4 0
-72 -78 -44 0
-47 1 43 0
69 13 58 0
-24 -38 -43 0
-74 11 46 0
48 56 -62 0
-13 62 60 0
36 -61 34 0
-52 -66 17 0
73 -13 24 0
56 63 -4 0
53 21 -12 0
73 1 24 0
-66 11 -32 0
-3 22 63 0
1 -10 40 0
64 59 61 0
-7 -21 -42 0
-79 48 7 0
-46 48 -60 0
-61 -77 -76 0
-5 -58 -50 0
17 48 -52 0
62 25 59 0
-42 7 -9 0
29 -78 56 0
55 -16 4 0
7 47 22 0
66 -12 74 0
75 -38 51 0
39 -38 76 0
-34 40 19 0
-43 69 63 0
-60 -39 -10 0
26 -76 -19 0
9 39 -45 0
15 -77 59 0
15 47 75 0
9 43 -44 0
21 -70 -29 0
57 -50 -78 0
-26 -63 78 0
-13 -17 52 0
-55 -58 8 0
54 71 22 0
-15 41 40 0
-43 -27 75 0
-15 -58 -61 0
-25 43 70 0
-54 -28 30 0
29 21 -5 0
80 26 -69 0
-33 30 79 0
-38 -18 64 0
77 32 79 0
9 -26 3 0
-71 -66 -11 0
-58 -1 -20 0
47 25 68 0
-48 -77 28 0
75 10 70 0
16 -15 46 0
57 -16 22 0
77 44 59 0
79 34 -80 0
-15 4 -29 0
43 36 -6 0
18 45 11 0
50 61 -4 0
-60 67 42 0
-59 43 29 0
73 -28 13 0
-22 -38 34 0
-31 -18 -75 0
72 39 44 0
-38 23 45 0
11 18 17 0
72 -62 -65 0
-48 -41 -73 0
-22 -55 73 0
80 -68 -77 0
-14 -1 49 0
-34 -47 26 0
-27 -68 47 0
72 -35 -60 0
-53 -28 -51 0
71 -67 -3 0
-58 -31 -42 0
-35 61 -59 0
60 -45 18 0
-54 42 20 0
29 69 -44 0
73 7 13 0
-67 62 42 0
12 -51 31 0
-6 -65 55 0
14 -52 -9 0
24 -46 1 0
-35 -53 39 0
67 -18 48 0
-7 50 -34 0
-71 9 26 0
-15 -7 -60 0
-3 -41 -36 0
3 51 -47 0
-57 -24 -16 0
-2 -39 72 0
-17 26 79 0
-39 -25 -3 0
46 -1 -73 0
-60 -32 -20 0
26 -47 -56 0
-8 -52 -32 0
80 -22 -76 0
75 43 31 0
-25 27 -20 0
-50 71 44 0
69 72 -53 0
-42 2 5 0
78 57 -54 0
-78 -3 10 0
33 -25 19 0
25 -50 44 0
-48 10 36 0
70 32 -63 0
8 66 61 0
-11 29 6 0
5 -11 -39 0
-36 -4 48 0
-46 -45 38 0
1 50 59 0
31 44 -30 0
-41 -45 -12 0
-16 35 -41 0
-58 78 -63 0
11 38 72 0
14 -21 22 0
61 37 48 0
-65 -12 49 0
-43 3 67 0
63 -13 -38 0
70 72 76 0
-22 -30 6 0
14 -12 16 0
-14 78 68 0
71 74 63 0
-9 -46 -10 0
-56 -36 78 0
