c instance by G2
c solution = 010100000001011101011010101111
c Known solution cost is 6976 
p cnf 30 60
w 937 757 375 357 668 561 826 458 763 361 161 460 459 154 213 876 372 872 172 378 320 805 60 291 528 154 196 750 687 368
-16 15 -8 0
-16 -26 8 0
-5 22 24 0
27 4 17 0
13 17 -24 0
-18 -22 -20 0
26 -29 -17 0
-14 -9 -6 0
24 -12 29 0
-23 -8 -28 0
18 24 10 0
-15 27 -11 0
-1 17 14 0
13 -24 8 0
24 3 21 0
20 16 3 0
8 7 28 0
14 -5 17 0
-10 -8 -11 0
-19 26 10 0
-3 13 17 0
-10 12 30 0
-24 -20 -29 0
8 -29 23 0
30 -14 3 0
-15 2 -28 0
6 8 12 0
10 -16 -11 0
-13 16 -22 0
7 -23 -1 0
10 5 -6 0
24 16 -25 0
6 -17 20 0
13 -18 16 0
-19 -27 -23 0
-18 -11 9 0
16 -12 -15 0
16 12 21 0
13 14 -12 0
-11 18 -9 0
-28 -13 -14 0
-2 27 22 0
22 -12 27 0
4 -12 22 0
-2 13 25 0
4 -19 -20 0
-20 14 -2 0
10 19 29 0
-14 -8 30 0
1 -7 24 0
-4 -1 -20 0
-10 -16 -28 0
-9 -30 22 0
-10 -6 18 0
-23 -4 21 0
-30 -3 -8 0
13 -30 15 0
-25 -6 -30 0
9 -13 3 0
20 13 -25 0
