c instance by G2
c solution = 0101000110101011000101001001001100110001
c Known solution cost is 8390 
p cnf 40 40
w 17 131 234 349 702 483 567 69 750 939 762 310 695 965 683 294 422 314 841 604 647 769 108 805 326 841 643 208 791 141 155 540 820 973 514 813 952 525 135 728
-20 1 -19 0
-40 17 35 0
-2 30 31 0
34 1 -23 0
6 -3 -11 0
-31 27 -24 0
-27 -20 -36 0
15 -20 33 0
2 -31 37 0
-17 -32 27 0
-38 24 -36 0
-34 7 -36 0
-36 20 5 0
-25 -30 -32 0
-39 -35 -4 0
23 -33 -9 0
-35 -12 -36 0
-8 -10 -35 0
-9 5 -37 0
17 6 8 0
-28 12 40 0
-22 -29 3 0
14 -18 30 0
25 14 -13 0
-36 21 28 0
-1 -9 -20 0
11 -40 -31 0
3 21 4 0
7 -31 -21 0
32 6 -16 0
-20 -25 -6 0
-31 3 36 0
6 19 -26 0
18 -9 22 0
29 -4 13 0
-20 -5 -4 0
37 -13 9 0
-2 -4 -14 0
-11 -7 -40 0
14 -4 16 0
