c instance by G2
c solution = 100010010000000101001100011100101101100101111110100000110101000111001101110110101110000110
c Known solution cost is 21362 
p cnf 90 90
w 769 830 907 92 145 521 788 655 764 351 29 668 98 545 22 715 939 565 429 137 278 71 517 754 410 277 95 849 527 310 119 11 772 227 656 294 331 389 542 57 766 439 826 171 797 961 910 178 217 623 982 522 893 866 78 196 64 626 709 902 550 317 621 115 726 683 509 794 310 933 810 903 529 849 747 883 328 347 799 992 273 529 735 405 415 483 411 83 342 450
-49 8 -89 0
-16 46 24 0
9 89 87 0
68 50 -4 0
63 -50 25 0
66 -60 -65 0
71 19 -9 0
44 -33 -31 0
24 73 25 0
-74 -66 65 0
63 -77 -54 0
-22 30 47 0
53 55 -65 0
62 49 -42 0
50 -14 23 0
22 23 24 0
-83 -81 -67 0
90 43 85 0
-25 87 4 0
17 -49 37 0
2 17 -85 0
29 -63 38 0
56 54 19 0
31 -45 -26 0
20 -46 -23 0
-66 -76 60 0
-26 -59 -27 0
30 -65 82 0
-26 23 -2 0
-13 -73 41 0
20 32 64 0
-49 7 26 0
87 -15 -26 0
7 -64 -6 0
13 2 -38 0
-46 -75 -21 0
-62 -77 85 0
-43 58 6 0
-73 72 -81 0
-56 -39 -42 0
-90 -66 -46 0
1 -33 -60 0
51 -72 -24 0
-76 -71 85 0
-88 36 -5 0
24 88 25 0
71 67 28 0
54 51 27 0
-70 77 71 0
-3 19 13 0
30 -87 -45 0
24 63 33 0
-72 -41 -33 0
-16 57 -10 0
67 -68 -16 0
-56 13 -29 0
14 18 -43 0
25 -89 -78 0
11 81 84 0
-76 -35 -83 0
75 -65 -20 0
-86 -64 54 0
-53 -56 -33 0
40 75 -46 0
17 -30 -49 0
3 -57 24 0
-34 -56 5 0
-64 -82 -61 0
54 -5 -48 0
-26 -44 70 0
42 -43 71 0
-43 74 35 0
75 -83 -12 0
20 79 -18 0
38 50 -84 0
32 -51 84 0
-88 -80 85 0
-32 78 20 0
-52 10 -77 0
21 -34 -1 0
71 25 83 0
-79 69 -66 0
-17 -36 -65 0
-7 14 59 0
-19 -27 -44 0
76 9 7 0
51 57 -11 0
-31 34 54 0
67 45 -1 0
14 48 16 0
