c instance by G2
c solution = 1000100100000001010011000111001011011001011111101000001101010001110011
c Known solution cost is 16800 
p cnf 70 70
w 110 893 558 922 197 595 840 797 974 794 159 970 863 935 332 564 619 725 670 689 625 177 684 252 416 456 517 996 930 714 234 670 659 355 182 425 554 181 560 970 184 291 782 550 579 324 694 140 640 85 30 889 450 592 554 565 233 495 999 944 686 765 895 494 632 193 821 253 443 259
-22 30 -52 0
-43 17 58 0
-60 -48 -45 0
12 55 -64 0
-64 22 -33 0
-25 4 11 0
-46 -51 54 0
36 -58 -70 0
23 -59 -45 0
-27 54 -11 0
20 -42 -68 0
-57 -66 63 0
59 -67 -58 0
-16 13 -7 0
-5 -2 -40 0
63 -61 54 0
-26 63 33 0
-45 -43 16 0
8 -69 -43 0
10 18 23 0
47 -43 -1 0
14 25 -53 0
-46 -63 57 0
-26 6 64 0
67 -19 -46 0
-26 44 -42 0
-16 7 -14 0
-47 34 59 0
-55 -5 -24 0
4 -66 69 0
-3 11 -66 0
2 46 13 0
51 7 -15 0
-21 -39 -64 0
5 62 52 0
21 -56 -45 0
53 32 43 0
-21 17 -32 0
-23 -27 14 0
-35 -55 -16 0
14 6 -10 0
54 41 31 0
66 57 -5 0
56 -60 -27 0
-28 -41 35 0
-46 40 13 0
-21 32 28 0
-43 -62 -36 0
11 1 2 0
70 -40 35 0
-29 57 4 0
49 63 61 0
-12 14 19 0
-34 15 -4 0
13 -54 -55 0
-58 -70 -9 0
17 -50 51 0
26 63 -34 0
-17 -43 -21 0
-6 53 20 0
14 -38 -64 0
4 62 65 0
4 38 -20 0
-37 -69 42 0
20 -66 27 0
-44 13 37 0
60 -64 -49 0
9 17 -30 0
45 -55 -46 0
-1 59 -13 0
