c instance by G2
c solution = 010100011010101100010100100100110011000100101000100000110000
c Known solution cost is 8636 
p cnf 60 60
w 1 300 564 498 980 66 494 786 182 125 394 97 513 735 83 773 966 615 515 20 768 138 79 317 35 344 461 8 784 702 715 516 245 916 924 294 834 805 586 338 569 383 669 155 38 904 80 564 398 889 750 652 21 760 404 610 6 600 55 18
5 -42 -4 0
-20 17 35 0
45 21 1 0
-14 52 47 0
-28 41 -46 0
-34 7 -16 0
-56 -17 -45 0
1 -57 48 0
-11 28 14 0
29 -4 -10 0
-40 -25 2 0
31 6 -16 0
-38 -4 -16 0
-56 1 25 0
-16 -41 30 0
37 53 -5 0
54 15 30 0
39 -22 -53 0
-43 49 -4 0
21 -30 12 0
-24 60 -36 0
37 -45 43 0
-16 -44 37 0
22 54 53 0
51 -3 -40 0
-11 54 -51 0
37 26 4 0
-39 -55 -4 0
51 3 36 0
51 47 -21 0
-28 -6 -15 0
-22 -4 -12 0
56 -28 -45 0
-15 9 -16 0
46 59 -23 0
-2 -26 -43 0
41 -43 -50 0
34 11 -4 0
-29 39 19 0
-49 -48 1 0
46 54 -33 0
-40 21 16 0
48 -32 40 0
47 51 -18 0
1 -15 -58 0
-43 27 -52 0
-43 32 -9 0
8 -40 51 0
-45 -54 34 0
-47 -22 -31 0
-25 -55 -60 0
-40 -1 -4 0
33 -59 -13 0
-7 17 51 0
-25 -27 52 0
14 21 20 0
58 -49 -19 0
-9 -45 -37 0
13 -40 33 0
34 21 55 0
