c instance by G2
c solution = 0101000110101011000101001001001100110001001010001000001100001110101000
c Known solution cost is 12119 
p cnf 70 70
w 6 600 55 18 43 390 407 26 700 792 746 650 838 570 196 423 502 717 120 12 430 567 820 209 397 46 571 443 12 401 492 914 307 695 688 515 1 29 80 799 397 877 804 909 62 976 852 472 313 640 304 669 186 353 147 260 304 242 457 425 330 108 682 596 687 120 352 320 576 907
40 -28 6 0
7 37 49 0
25 -67 -15 0
69 -20 28 0
57 62 6 0
30 -41 -25 0
-58 52 5 0
-40 -1 -67 0
-29 69 41 0
55 26 1 0
53 23 11 0
-43 -70 -15 0
3 -21 -16 0
50 -52 -25 0
9 59 -62 0
-57 -20 -13 0
-7 -32 39 0
7 -19 41 0
54 12 -53 0
-5 10 52 0
1 -44 18 0
-66 -20 52 0
-6 64 5 0
63 57 -36 0
52 -67 20 0
-45 52 16 0
-54 -67 39 0
-37 68 18 0
51 -47 33 0
-9 -2 32 0
-15 5 -60 0
-33 64 48 0
45 -49 27 0
-68 -43 64 0
18 -61 56 0
-16 -34 60 0
-59 -20 5 0
60 27 -14 0
67 14 68 0
44 -64 68 0
-26 -40 1 0
14 -39 68 0
44 6 -27 0
-45 43 46 0
8 -32 -4 0
65 52 -62 0
-55 -3 -45 0
13 68 14 0
59 -61 -18 0
64 37 36 0
-12 -16 39 0
-49 12 -50 0
-40 2 47 0
-38 3 54 0
-62 -61 -24 0
-11 4 -8 0
-17 -49 58 0
64 -20 -42 0
-10 60 -8 0
-51 60 -49 0
-48 3 -11 0
6 23 22 0
3 -25 35 0
39 19 15 0
-15 46 61 0
-2 69 -30 0
-23 -67 -56 0
-46 -56 59 0
-69 29 -8 0
31 -67 33 0
