c instance by G2
c solution = 1000100100000001010011000111001011011001011111101000001101010001110011011101101011100001101010100010
c Known solution cost is 23140 
p cnf 100 100
w 550 317 621 115 726 683 509 794 310 933 810 903 529 849 747 883 328 347 799 992 273 529 735 405 415 483 411 83 342 450 578 387 141 237 459 813 601 751 504 592 766 338 960 469 893 358 15 628 725 114 281 649 306 30 683 81 693 984 38 4 988 204 178 512 565 664 317 234 852 974 405 286 56 273 711 25 465 795 347 97 749 30 327 521 991 337 663 464 373 738 534 229 621 615 589 59 676 261 883 654
26 2 -16 0
14 89 -70 0
61 29 64 0
34 67 -58 0
-26 -4 -28 0
6 3 8 0
59 52 99 0
-5 97 -54 0
41 -40 -11 0
86 -67 59 0
-80 -8 -1 0
-49 -47 28 0
-97 -95 94 0
90 36 -83 0
58 97 -36 0
47 17 -42 0
94 14 -32 0
-81 -60 91 0
-36 86 -29 0
40 86 15 0
-26 -68 86 0
-55 -90 25 0
-50 -18 -66 0
95 54 -65 0
-6 -89 -81 0
-61 63 9 0
-12 -91 -77 0
-82 -49 -7 0
41 -33 -53 0
25 -70 -86 0
-95 -99 -96 0
-47 -51 -70 0
51 -75 -65 0
-91 -88 43 0
-94 30 -89 0
-25 -89 -81 0
-34 79 -40 0
-20 -42 30 0
-73 -52 -83 0
73 -88 6 0
-58 -49 21 0
31 52 4 0
83 -40 97 0
5 -83 -49 0
-26 -100 97 0
77 62 -88 0
4 56 -83 0
24 94 93 0
-35 23 17 0
-59 -16 -34 0
-33 13 -14 0
-3 -21 57 0
70 24 63 0
35 -15 24 0
75 -76 65 0
78 -9 -45 0
49 -91 52 0
35 -85 -64 0
18 12 -89 0
-91 -92 50 0
-93 82 -22 0
24 81 -8 0
-84 59 -70 0
-83 -46 16 0
33 86 96 0
11 -2 94 0
66 -60 87 0
-43 1 78 0
-56 88 96 0
-16 60 38 0
-70 62 -30 0
-21 -41 -70 0
85 -95 42 0
15 46 -64 0
41 -55 74 0
85 14 72 0
84 24 45 0
-1 -49 69 0
-49 -33 -63 0
51 -71 94 0
-10 -16 -33 0
29 75 22 0
-65 87 -78 0
-83 27 87 0
-42 -45 -38 0
-79 76 30 0
-34 -17 -55 0
-23 19 29 0
-93 -21 -98 0
-46 86 -13 0
-48 -40 13 0
-18 -62 100 0
-77 84 -87 0
-31 90 44 0
-36 -57 -66 0
-89 55 3 0
92 37 6 0
-46 41 -24 0
96 -58 -39 0
-1 -19 -76 0
