c instance by G2
c solution = 10001001000000010100110001110010110110010111111010000011010100011100110111011010
c Known solution cost is 20337 
p cnf 80 80
w 632 193 821 253 443 259 952 864 516 226 652 897 332 919 94 764 356 823 187 678 903 226 774 673 211 31 621 148 698 103 541 460 393 831 163 715 898 616 249 838 549 305 441 830 912 185 300 804 958 584 145 334 769 830 907 92 145 521 788 655 764 351 29 668 98 545 22 715 939 565 429 137 278 71 517 754 410 277 95 849
-50 17 2 0
-11 29 61 0
24 58 23 0
-15 -56 13 0
61 44 -70 0
-35 12 -64 0
-69 7 -32 0
-52 78 -66 0
-76 1 -64 0
-49 -57 63 0
-68 80 -27 0
-55 -19 4 0
-16 6 33 0
-24 2 10 0
25 17 56 0
-17 71 -37 0
-46 -1 28 0
61 -23 -36 0
-70 -39 3 0
-38 63 -37 0
25 35 45 0
43 6 -55 0
11 73 -34 0
62 63 -3 0
71 48 46 0
-58 64 20 0
-51 20 53 0
11 50 47 0
-43 -6 78 0
-80 -22 68 0
12 40 -46 0
27 19 -49 0
-43 6 -20 0
6 -66 18 0
35 -16 -67 0
19 79 -70 0
-66 3 -13 0
-26 69 19 0
-63 23 9 0
-36 78 42 0
13 -54 23 0
41 -40 16 0
51 -78 -5 0
-61 -56 14 0
-56 -62 78 0
-26 -9 68 0
-16 -59 -26 0
72 24 3 0
-75 68 -66 0
38 -14 -5 0
-45 -2 29 0
71 -7 14 0
22 52 -69 0
2 9 -12 0
35 49 24 0
61 35 76 0
-43 31 -27 0
-22 25 -41 0
6 70 -26 0
-21 -73 55 0
38 -49 -25 0
-30 2 -76 0
77 20 80 0
-29 9 -1 0
41 -69 -71 0
8 61 -37 0
10 62 34 0
54 -74 36 0
80 -4 -16 0
-74 21 15 0
60 -37 -56 0
37 -26 -56 0
41 -69 66 0
-10 -43 29 0
-49 15 26 0
-45 -34 74 0
4 -64 -48 0
67 -53 10 0
-49 -73 65 0
5 -55 -74 0
