c instance by G2
c solution = 01010001101010110001010010010011001100010010100010
c Known solution cost is 10531 
p cnf 50 50
w 192 816 434 833 857 326 456 794 493 88 912 423 932 762 368 723 80 12 580 701 424 158 118 700 153 814 23 8 239 568 269 273 532 765 838 761 183 986 258 470 836 767 487 312 541 731 722 360 1 300
-4 -39 -8 0
9 50 12 0
-16 -43 -23 0
-30 -9 41 0
-25 -2 -17 0
34 47 -37 0
-14 -16 29 0
4 -43 10 0
-12 30 -28 0
-32 -31 25 0
-32 17 -21 0
-26 47 -35 0
50 -41 -25 0
24 -40 -42 0
-34 -4 38 0
37 20 -11 0
11 -32 39 0
-15 -7 -35 0
-49 12 -33 0
-24 27 46 0
50 -6 37 0
3 -45 36 0
-32 29 31 0
-27 -40 -11 0
30 37 16 0
-18 -49 48 0
-43 33 13 0
32 7 33 0
40 -8 6 0
41 45 38 0
37 17 -50 0
46 35 30 0
-46 39 37 0
3 22 46 0
-11 -49 -1 0
27 -4 -44 0
-4 -36 28 0
2 -28 33 0
-38 -13 24 0
-4 -13 -5 0
-49 30 -29 0
21 8 48 0
-10 -4 -15 0
-11 -48 3 0
15 38 34 0
23 -3 -20 0
-47 26 -49 0
-25 43 26 0
-49 1 -19 0
49 -13 1 0
